235 182
188 89
238 -12
147 195
36 218
93 33
91 22
212 72
176 148
46 178
96 126
133 189
18 226
51 37
167 237
199 133
-43 -61
40 55
241 131
189 150
167 -39
147 79
166 203
100 12
-31 7
56 -126
146 161
175 -72
148 49
94 -27
52 49
111 13
-21 230
32 -53
63 77
153 171
203 95
69 -125
59 4
178 317
18 159
-4 161
157 213
158 32
-33 216
-58 -23
150 218
44 198
24 160
92 256
226 41
134 75
83 129
36 101
130 61
149 30
99 82
54 61
151 -5
95 -41
202 -61
110 81
133 169
183 -5
267 -9
10 168
211 8
208 51
-61 146
103 259
165 67
-117 -107
45 96
14 -68
191 54
58 115
123 235
-4 281
112 -73
17 42
123 39
21 40
84 77
149 24
-11 -6
11 109
151 -26
24 50
-16 421
111 55
158 201
41 10
57 62
114 38
67 -42
47 20
110 143
196 55
77 140
-1 32
372 111
154 156
116 87
198 231
18 72
183 40
245 142
205 122
48 15
22 256
80 73
52 -2
29 102
193 215
226 84
39 68
128 298
47 -30
134 -55
116 62
59 82
139 -26
219 118
-37 105
57 233
153 111
60 132
0 -20
-115 195
126 -70
156 90
373 55
130 142
153 -101
148 107
261 -123
190 149
21 146
-1 112
273 1
145 45
57 -45
60 136
36 106
199 166
-14 3
98 99
112 -33
180 171
-48 169
189 -3
104 72
36 39
25 251
-18 50
59 152
104 129
164 260
119 151
49 147
65 72
191 -21
276 115
12 185
252 118
284 -96
80 119
97 416
135 89
65 -21
82 -29
176 223
83 130
9 291
133 113
216 119
191 37
214 99
145 200
7 -9
192 -30
298 -114
104 203
42 27
-40 -26
206 -66
72 41
220 219
128 281
-4 85
3 159
59 -41
-6 78
158 -11
-14 191
223 31
140 38
97 81
133 147
127 155
59 20
107 68
141 90
38 96
92 123
208 -38
228 34
93 33
-45 249
110 28
192 9
185 213
73 188
97 208
87 187
65 -25
39 87
39 58
-13 48
31 83
148 227
38 126
92 -85
73 230
134 49
-49 56
16 82
207 29
101 152
76 116
119 2
133 80
278 217
180 151
110 96
153 128
-2 114
130 12
202 293
161 166
117 214
111 -59
78 -96
73 130
104 229
80 175
135 247
-16 300
-124 131
-23 129
52 -72
273 0
289 57
97 4
74 169
61 135
-16 48
22 95
20 104
138 253
301 208
49 112
240 257
73 17
7 33
24 56
225 125
-8 -50
127 268
33 4
102 219
360 135
61 -65
-45 101
129 59
73 227
48 21
66 81
202 180
202 -138
216 103
163 74
275 -62
139 191
132 176
154 147
139 154
16 99
107 17
317 31
270 23
31 100
179 63
127 286
-72 9
186 -82
43 83
-129 20
173 -45
230 108
92 142
170 246
-49 184
142 119
226 157
182 154
61 -46
186 117
-32 62
48 193
-109 -11
71 160
202 313
-109 309
-21 223
124 137
204 302
145 1
144 53
124 133
105 82
-18 402
78 218
116 185
-17 -4
155 203
195 -76
35 173
195 155
45 141
-46 113
124 30
-37 138
217 360
132 80
98 53
112 154
24 98
-57 22
-13 55
229 299
43 24
150 170
67 211
144 -3
-52 150
-9 121
43 92
226 75
120 172
-93 266
-18 208
91 83
215 96
-50 16
266 49
83 129
18 195
189 88
348 198
275 54
147 40
51 57
219 229
81 7
88 192
269 207
-13 127
43 80
36 138
165 88
124 238
39 91
215 16
78 117
182 166
-47 133
96 128
95 209
130 105
16 41
20 8
-56 110
294 -46
20 197
82 195
45 104
-71 113
186 9
-4 106
-28 176
-19 167
203 130
246 69
186 122
-17 160
33 -120
-36 -11
113 153
-59 83
129 219
144 24
249 44
-40 -17
122 263
120 116
121 31
6 228
6 206
183 245
99 118
81 100
212 112
143 159
101 176
0 110
53 130
230 271
198 43
219 159
53 204
34 99
196 79
82 89
126 119
5 -9
-57 86
245 11
100 206
-74 183
19 127
43 50
75 158
81 121
26 128
189 121
192 38
279 209
235 96
-157 129
106 190
61 89
48 193
-33 211
24 47
50 149
74 110
-56 67
189 139
201 10
71 63
248 206
13 59
26 1
-1 -49
-23 -110
-36 65
252 150
149 155
104 85
288 230
-66 118
137 -63
195 41
44 113
197 47
-114 57
160 151
-17 41
67 -82
-28 -11
123 46
93 6
-20 131
38 6
174 33
135 224
111 61
68 152
65 254
-1 57
62 225
54 224
189 -47
248 110
122 14
127 116
117 70
205 98
97 87
203 5
153 37
293 69
55 126
184 165
66 128
89 117
-24 117
116 21
393 36
118 148
132 327
14 64
11 241
85 131
-71 79
55 111
299 -34
88 90
139 293
200 90
223 206
163 119
214 293
13 -9
15 164
28 70
109 163
188 138
174 255
7 224
34 -4
195 190
62 84
168 83
33 168
170 133
105 12
199 -157
29 144
19 183
131 179
-23 149
302 93
-172 211
180 286
69 69
298 -20
144 -51
248 52
190 4
62 196
131 -68
34 -22
21 172
-37 195
83 256
93 492
201 160
91 14
174 -80
53 107
-93 221
353 76
20 128
172 240
150 154
15 68
-8 -7
161 12
128 111
-115 141
-58 169
38 63
109 -19
25 -60
89 296
95 167
112 59
-46 296
116 145
-15 216
-79 222
261 69
182 155
261 114
118 232
112 56
304 112
8 103
50 174
132 85
93 -148
-33 87
20 1
139 209
-8 74
118 174
5 72
60 125
107 57
-66 201
44 -27
49 66
150 86
11 162
172 -41
-9 140
233 186
23 85
-40 7
39 -34
230 -18
156 135
145 49
-20 340
208 274
104 192
108 -77
143 125
95 175
117 51
123 326
92 276
259 133
12 84
59 -66
88 156
7 249
79 162
291 204
159 171
63 -115
17 -56
-14 48
-47 255
97 -26
-1 -5
38 145
38 174
134 14
19 65
102 131
127 167
15 113
28 89
84 81
300 194
14 -6
65 92
196 142
181 101
352 81
141 58
123 68
247 153
87 130
-53 179
315 60
184 -45
92 154
6 229
-159 167
273 79
237 200
130 180
48 92
202 -87
278 -149
115 82
79 7
180 270
-26 -24
0 -75
136 37
34 -36
88 300
23 -19
79 79
253 51
198 -5
77 170
-35 125
-33 314
142 107
146 135
135 168
115 170
40 -37
0 24
47 255
94 269
50 143
215 130
244 177
199 81
231 197
75 69
109 -41
102 111
270 163
39 282
25 104
170 83
114 -20
107 296
-44 45
252 15
101 238
236 42
179 66
168 203
25 65
159 70
-11 -13
-32 235
71 181
188 3
64 183
197 -27
88 115
323 203
22 101
-23 -7
85 -57
24 110
237 68
93 71
-37 -18
20 -20
138 208
111 11
10 174
133 283
4 146
155 216
103 88
156 201
134 219
249 42
334 155
183 248
171 53
120 149
-26 78
100 87
133 302
170 12
134 194
56 86
37 240
130 146
85 47
0 70
-28 124
124 62
268 -19
143 150
46 29
-36 15
-1 -62
91 39
128 66
169 180
129 258
156 112
164 -63
205 202
129 3
-124 41
-23 44
218 274
180 -95
214 137
206 -66
70 88
48 261
120 218
0 115
213 -37
116 118
36 146
238 112
151 152
80 173
51 15
43 -17
142 98
44 -34
127 159
229 82
50 273
12 83
78 163
92 103
58 228
134 71
211 198
100 134
226 -7
-15 -17
82 126
121 105
114 99
63 58
166 258
-28 104
126 143
-50 173
77 317
61 94
-11 -100
178 213
70 275
-87 49
193 4
91 23
50 93
137 249
54 77
226 63
-11 121
-60 215
287 52
254 -26
93 110
340 227
73 39
303 180
41 167
269 235
305 198
274 112
138 157
195 99
66 107
183 273
88 77
66 105
16 170
107 55
203 22
181 88
216 92
134 201
175 71
240 30
93 131
113 406
-38 66
5 26
109 163
-28 -5
104 84
-41 81
42 183
-77 39
193 258
111 10
-54 95
256 -3
168 13
7 68
229 247
125 101
86 -6
69 52
109 51
86 -1
-55 136
179 11
90 108
94 32
-57 -17
32 100
241 58
20 23
-82 172
89 -83
-1 112
192 -56
-74 -124
186 368
140 113
44 218
27 195
29 -81
54 78
155 247
-182 122
244 106
45 270
121 14
170 20
88 -92
64 166
204 287
158 -9
216 203
2 -22
145 204
378 168
-3 247
213 208
179 93
62 195
184 196
151 125
105 71
64 102
132 -8
116 30
-45 69
227 215
-54 65
93 65
232 258
-2 -13
93 229
84 207
44 37
-22 90
-18 -149
274 33
140 27
-16 81
13 10
157 217
220 68
86 -23
127 115
192 43
197 50
306 -13
149 51
56 105
140 192
136 -4
20 80
29 -16
-131 79
58 245
115 17
85 45
200 143
155 172
-160 279
150 185
295 143
222 136
61 -23
46 124
175 -26
95 -11
159 80
38 55
91 253
168 -52
74 0
-26 125
90 -36
212 177
75 91
209 -87
177 113
198 136
53 210
126 45
206 196
46 214
219 24
159 127
85 74
56 74
201 -43
11 4
-31 69
196 148
175 140
134 84
270 91
-16 -143
123 -70
136 27
108 48
210 295
61 241
56 -72
43 299
134 109
125 14
-18 117
-1 -26
136 45
135 -46
66 -54
107 -5
118 -61
231 22
232 73
98 -48
355 147
188 184
59 220
-42 249
111 -5
111 140
151 37
46 51
125 83
-26 12
112 113
28 9
208 222
2 -112
17 42
84 204
216 126
171 141
-11 -79
188 -28
221 50
189 167
76 184
-4 117
123 32
43 272
16 198
2 145
162 -181
224 79
64 140
17 98
225 -101
-187 100
41 231
40 56
61 88
29 92
346 148
205 152
-47 134
18 229
145 102
67 74
107 254
187 212
74 147
173 72
248 189
7 188
210 58
94 -121
152 14
174 185
93 113
138 -114
64 273
-48 119
40 96
186 -56
241 167
330 170
33 78
221 -8
35 95
167 -83
175 34
153 131
0 302
234 -3
153 135
-1 -4
123 3
130 72
38 276
84 151
85 51
154 45
217 106
-3 110
151 -41
189 239
-64 236
146 -15
4 107
77 43
141 -29
180 167
281 -20
0 216
93 94
-183 148
146 199
200 46
143 293
85 131
118 55
-165 65
194 172
73 -116
41 9
265 45
18 313
0 91
256 96
-7 71
182 137
220 292
54 127
98 -20
24 64
145 99
216 26
78 205
219 12
223 163
31 319
122 168
101 284
91 85
228 173
173 48
156 212
97 184
48 137
43 99
126 144
139 248
344 142
123 88
250 37
36 111
83 146
224 80
209 -47
161 112
53 44
-131 82
101 5
106 309
-46 145
57 105
2 302
-101 155
288 88
155 423
253 -54
122 141
0 220
170 10
315 135
-91 147
81 43
107 52
43 12
-37 57
103 273
-38 92
106 -84
86 228
169 270
212 188
107 -54
54 5
129 9
-19 54
-5 195
187 116
215 208
94 96
94 94
187 172
84 148
255 124
43 128
-156 -28
19 42
107 296
53 140
86 154
56 -62
9 190
243 196
72 -8
99 176
-10 -8
-105 -29
72 12
21 -68
59 139
219 0
104 99
75 138
-58 52
125 27
289 154
337 233
124 5
46 204
155 169
206 112
127 110
0 117
351 122
-52 245
-116 60
-19 107
192 128
210 140
-24 130
40 185
-98 55
-74 176
28 -57
46 78
-30 -28
127 136
9 159
148 34
170 260
88 7
143 49
217 174
198 56
1 74
64 84
-3 89
93 204
101 262
28 258
251 35
-10 35
76 54
186 156
4 192
237 100
139 10
-6 -23
108 219
-61 139
126 46
161 135
279 15
69 132
65 -46
315 70
-80 199
316 160
70 115
204 147
29 -18
72 193
133 35
115 145
0 203
99 223
221 190
80 -15
269 159
243 222
29 184
238 -216
272 -89
91 141
142 -20
-109 154
-69 115
-25 7
150 68
-80 -69
130 170
106 258
87 -64
227 266
13 150
85 70
-26 155
108 151
29 308
1 38
192 184
23 21
208 281
-71 17
148 123
97 94
65 132
31 13
75 67
277 20
218 -81
194 36
128 250
91 -44
16 -55
79 196
33 133
75 122
123 238
216 406
72 176
119 81
119 304
184 89
184 6
225 9
130 31
-4 36
35 152
127 232
320 42
251 204
124 47
138 231
167 171
119 222
213 197
41 110
76 -52
227 235
-90 93
10 -90
53 103
225 121
-30 215
132 257
-144 42
144 204
-5 146
200 13
55 63
-7 62
88 116
-133 147
79 34
35 -60
245 88
162 83
87 135
143 238
96 124
75 42
137 98
269 83
10 146
187 135
157 170
202 97
41 104
80 74
21 -15
348 266
106 150
21 128
137 177
-86 66
74 208
118 130
82 103
94 276
89 32
15 54
146 174
170 319
20 80
164 106
56 15
105 6
-31 161
7 238
-3 250
154 175
72 275
12 147
180 -31
198 133
217 17
10 54
232 28
45 160
222 237
16 163
48 71
234 81
180 62
-51 128
204 -42
-75 -129
146 8
52 39
205 -129
82 208
212 88
207 168
32 155
52 88
175 174
99 116
174 177
52 -197
186 -6
184 142
169 196
6 69
152 17
185 102
129 323
76 108
156 104
74 69
17 202
14 86
75 125
190 231
6 5
89 174
123 194
24 93
20 118
130 37
35 97
-20 155
167 138
318 -33
73 127
263 129
54 77
46 158
138 203
376 73
172 204
61 181
-19 93
1 112
182 17
58 110
176 209
54 1
250 140
55 98
76 191
100 52
156 27
103 26
-12 101
-20 32
137 170
-1 139
-33 123
246 85
171 48
41 304
153 72
156 165
212 146
-89 121
103 126
263 71
174 127
-56 203
-3 82
141 61
-33 48
160 159
218 57
148 63
-21 39
-37 135
112 46
16 154
-118 73
266 -11
178 69
-22 94
129 -46
57 5
227 -78
196 202
-2 88
124 141
-23 193
117 -137
56 -20
68 62
-4 246
74 166
89 22
244 60
48 200
14 5
-75 82
112 79
127 31
220 13
248 63
117 132
160 90
-50 52
-9 109
81 15
1 271
109 196
101 88
26 122
186 170
201 114
-107 237
114 243
-22 -4
74 14
-26 77
56 46
151 162
215 218
-43 140
155 172
103 115
29 45
184 163
73 22
288 117
84 155
103 -48
89 112
-62 82
236 151
36 -47
299 102
-91 250
96 220
-41 87
79 -18
176 91
154 275
273 111
-60 189
73 41
49 63
134 -140
144 418
149 135
251 26
-10 73
220 168
-8 303
-18 80
241 59
-11 -50
-156 247
158 -58
12 174
147 284
-82 129
83 -31
59 223
54 266
217 84
79 -36
10 282
23 136
-97 50
-5 217
84 125
135 150
130 66
123 161
53 206
127 64
32 190
268 208
260 40
151 35
125 98
163 29
257 115
192 -120
184 218
108 81
8 182
241 219
135 306
145 248
69 88
39 55
163 10
30 197
250 97
96 211
-80 224
160 42
80 198
157 177
257 155
135 0
234 24
165 165
96 91
84 -14
59 -105
22 216
46 -62
-58 216
75 271
102 84
173 77
81 98
-52 132
14 83
244 213
58 186
-41 105
314 -21
170 167
-23 143
217 138
168 -43
13 106
98 -67
106 192
174 11
102 102
66 87
198 151
156 -101
0 189
57 29
1 27
65 178
80 228
285 -94
99 132
132 62
146 215
70 79
199 -113
79 66
-62 74
201 51
35 27
271 174
160 86
-20 -113
205 89
-5 164
208 145
67 106
104 -18
-50 55
-107 -33
112 157
49 248
93 218
228 20
181 -17
118 174
249 48
168 233
-20 64
251 115
171 55
185 376
197 95
120 209
42 208
197 120
281 242
222 106
-59 134
143 209
96 140
104 233
106 -22
-59 78
116 86
270 36
-120 134
248 205
132 45
161 25
-106 51
207 246
109 109
350 76
50 243
193 -93
17 63
185 41
182 33
-85 180
364 180
168 76
12 86
143 101
71 79
-127 222
-14 38
245 38
216 6
21 85
159 9
273 86
174 32
106 180
27 251
17 48
89 234
56 245
-15 51
107 167
224 265
55 158
150 71
97 158
-59 0
159 34
261 61
261 62
-67 56
2 90
153 119
198 57
113 186
162 90
159 12
80 202
29 46
-71 49
110 135
186 204
289 -173
-6 170
-8 -146
122 105
192 124
-37 -14
185 -112
53 223
7 166
44 110
89 140
122 209
72 175
143 102
148 22
168 -64
-20 106
7 268
268 80
2 200
63 142
145 259
399 299
234 238
167 36
-113 152
73 99
141 -122
99 -26
-81 76
39 -28
69 309
184 161
58 -74
17 216
153 24
81 95
162 43
184 216
56 -38
15 75
93 35
-2 10
301 268
127 -7
-6 267
25 102
-27 66
94 66
267 80
-91 -44
-5 195
208 10
117 32
179 107
85 34
55 84
129 117
234 -112
126 116
135 155
104 82
97 187
143 187
0 129
110 25
132 35
161 128
224 232
246 15
294 116
90 37
236 145
35 137
-15 26
214 80
21 239
128 215
133 159
-47 122
44 122
242 28
91 138
41 131
191 223
61 21
99 18
-3 37
117 46
135 105
110 -16
-33 -58
128 -108
-9 -48
-70 204
23 157
171 3
210 78
160 77
99 -9
170 300
-44 158
337 100
231 162
-66 213
182 122
-69 -24
149 68
25 193
190 118
209 23
139 -28
225 68
347 208
2 -137
54 -97
105 86
43 126
-156 230
-100 102
192 135
60 -4
70 54
109 53
263 80
73 198
-19 -153
260 163
64 -97
226 127
186 164
63 -29
237 113
51 113
96 181
221 77
54 56
120 92
-3 -75
84 174
84 162
55 222
59 157
150 69
11 174
88 188
154 143
77 47
169 -38
246 52
24 67
57 59
12 309
124 246
41 176
266 149
25 -11
257 104
81 36
152 105
71 185
208 134
87 0
170 23
337 309
82 228
345 215
-18 42
121 102
92 36
69 146
164 166
38 110
-63 26
117 -108
17 208
170 51
44 208
224 -31
200 2
78 27
273 -7
206 88
75 87
50 68
108 67
113 44
39 -61
33 -40
180 244
92 306
-57 86
74 75
120 90
157 163
-46 -90
200 -24
23 50
38 209
195 139
25 113
102 160
29 67
54 86
84 52
68 192
128 -42
138 -10
159 49
99 -17
118 205
194 55
-18 132
250 -119
180 115
141 297
-11 25
143 134
-43 103
189 59
102 69
110 51
-60 104
131 68
228 126
219 191
163 95
24 123
187 6
137 40
125 91
208 137
-17 93
76 115
59 85
128 384
0 222
73 69
236 157
173 34
-52 1
89 101
313 145
42 -172
127 170
332 90
138 256
273 104
15 106
205 220
220 58
72 155
167 -133
110 -19
-60 308
81 4
128 227
59 56
139 -71
144 143
48 219
23 80
83 -6
183 -14
102 91
38 276
-25 267
223 126
29 -66
53 104
22 -105
174 228
129 74
260 55
1 91
237 171
66 -33
194 -67
33 64
170 268
58 87
208 -81
126 191
19 107
120 113
9 23
116 33
-47 124
318 203
-16 173
-8 103
173 232
-10 -25
273 330
-33 138
216 149
0 48
75 184
209 0
80 269
84 149
60 255
115 208
77 109
62 -61
71 153
0 -87
112 14
62 -32
163 -19
-36 307
170 85
151 9
-23 308
12 226
264 191
-12 82
103 43
83 34
137 -24
106 31
-12 177
124 33
305 80
103 69
68 -17
49 -58
146 5
84 97
33 86
-70 134
92 -56
184 24
-53 54
113 6
259 57
-156 42
44 11
-58 129
186 -65
84 65
135 185
176 -5
47 175
20 56
66 150
271 57
84 268
-20 147
203 -32
7 149
168 160
177 94
58 182
245 82
113 109
-70 21
107 80
86 123
-23 173
19 140
185 107
34 87
49 194
118 -20
217 -26
103 -64
201 201
134 52
82 108
156 30
192 226
-36 159
152 50
245 255
11 291
106 59
-78 107
56 189
-110 -74
78 -13
72 -2
117 116
46 156
-3 40
-116 21
16 164
261 225
139 243
186 157
150 323
-60 248
44 -145
104 272
246 169
2 253
95 164
170 209
157 0
77 -5
124 45
50 72
4 39
-8 135
-23 43
-17 147
110 177
0 -34
28 17
-63 347
-24 141
313 183
360 147
183 44
91 111
99 185
213 37
52 243
117 235
179 111
104 211
100 58
127 124
62 143
100 55
165 68
7 120
121 158
50 225
41 118
77 251
177 -77
91 -52
-6 -52
3 -72
93 137
99 44
132 -20
116 126
248 160
42 71
146 105
40 190
121 123
78 -19
146 -36
92 150
6 59
56 -16
244 177
168 21
-98 130
169 214
244 224
126 274
41 118
123 -1
97 226
41 167
11 75
54 137
88 33
28 134
21 124
146 167
91 241
233 91
195 141
113 24
34 200
153 173
145 128
43 19
-6 134
135 68
50 250
213 101
193 196
149 5
166 218
151 43
-3 -4
192 15
84 139
46 180
116 78
63 166
297 119
-138 118
-72 106
165 148
180 -142
-21 202
158 57
-12 151
-24 168
150 -9
-125 69
86 10
139 69
177 -22
260 193
209 -9
66 9
55 242
218 318
3 117
185 51
166 223
243 208
-31 213
135 -144
112 122
79 9
1 128
106 72
77 55
-37 142
61 28
92 138
17 4
152 -85
74 136
108 97
139 69
-82 0
290 105
34 119
-9 -10
41 69
111 6
117 109
135 134
78 178
247 112
-154 66
-33 21
213 79
148 161
317 -89
37 61
-61 77
12 -37
-44 40
159 232
202 53
215 68
158 5
96 161
171 74
23 73
59 100
177 -33
110 16
103 157
134 12
199 -150
298 228
106 125
33 267
59 153
78 58
104 131
-43 22
-6 137
335 114
90 57
148 68
87 128
103 146
176 150
74 132
133 11
-100 235
-60 254
245 204
261 277
95 -48
150 105
49 29
143 202
221 223
214 55
-63 268
0 248
121 121
141 85
41 160
58 150
95 96
29 168
284 136
210 -29
379 0
198 137
103 13
-6 82
86 238
-25 63
61 166
234 53
142 156
-4 -2
27 119
160 177
139 152
178 -26
365 294
116 133
212 9
10 151
55 212
114 75
-256 -20
234 6
-37 168
53 23
111 20
144 -55
91 207
98 171
291 217
-130 7
84 0
-60 43
288 138
75 281
184 12
226 315
-62 93
-89 -45
89 125
107 275
94 36
197 -1
93 176
69 144
311 274
117 149
-12 77
282 248
159 35
-28 4
150 266
166 146
152 297
125 49
39 325
-209 204
123 68
106 0
-35 193
167 217
54 25
-197 247
112 327
14 129
241 86
17 51
17 61
222 48
169 -5
227 34
288 114
124 91
3 47
176 81
-69 70
136 -36
50 196
131 168
49 51
95 54
133 166
100 221
165 203
106 -14
-43 56
150 138
137 62
106 -60
128 209
0 23
103 24
168 283
25 70
75 143
8 40
42 127
82 16
232 160
123 -90
152 67
139 -123
214 106
-38 -1
245 -133
62 233
194 105
135 -130
88 -72
40 169
217 43
166 238
139 -21
207 38
218 193
108 -139
355 119
77 244
155 288
91 59
20 23
240 174
65 122
0 118
197 98
30 95
-28 95
-85 -54
21 -15
126 275
285 190
92 -33
54 -53
-167 66
78 140
75 -31
223 149
28 135
33 145
96 211
155 6
-29 101
98 144
98 131
-87 51
215 30
40 114
-65 -177
0 138
89 -49
139 208
84 54
57 88
102 -82
-41 -16
68 55
17 90
-52 107
-106 99
87 71
63 153
113 158
77 168
51 170
391 -12
-72 81
79 94
39 112
236 65
233 -55
75 101
11 104
161 36
168 174
158 59
-19 204
258 141
53 181
122 -10
83 290
48 -41
90 63
177 135
200 139
85 188
0 214
144 6
1 140
94 196
301 240
-9 247
-50 133
197 -24
185 73
260 58
69 53
212 -117
45 59
202 221
122 165
0 204
234 -70
236 59
157 127
124 275
42 -30
-9 305
212 57
41 224
236 234
-61 -28
60 35
110 175
9 172
0 -11
227 143
230 81
-55 3
38 169
114 63
53 63
99 97
84 61
-29 115
116 142
34 -6
-28 94
241 -1
-78 12
-117 149
-63 70
171 73
299 188
52 45
137 108
172 386
115 142
218 77
71 52
-70 -69
-34 250
169 0
9 -14
130 128
161 -43
143 10
102 266
105 41
32 32
202 127
220 137
67 220
27 169
256 205
-31 282
-97 -112
61 169
118 104
189 91
223 -72
101 -2
212 66
110 56
126 180
121 10
146 315
15 117
145 7
93 155
237 201
41 257
33 42
162 164
-1 145
23 46
11 185
233 283
123 84
201 60
221 199
125 185
156 100
72 126
-236 41
152 -24
143 107
138 238
228 183
142 129
18 98
-12 261
265 91
56 72
209 149
185 121
-5 408
89 113
82 67
128 116
94 -132
27 249
131 81
123 -45
199 -2
-14 91
35 44
-23 33
149 191
-97 40
207 164
242 156
40 260
-4 88
8 59
155 110
56 58
230 -144
121 116
47 -18
-44 177
47 79
168 327
110 180
197 90
149 75
121 154
170 139
102 128
109 212
-72 216
-7 -61
-25 91
105 226
56 248
85 164
183 160
97 -20
114 145
52 -33
79 -38
169 49
240 98
0 237
131 80
185 68
84 19
251 51
309 84
40 91
171 52
78 -13
181 47
206 -61
103 87
165 57
171 149
232 186
21 137
44 11
163 179
42 83
115 -31
148 79
36 120
53 229
65 130
26 122
210 182
157 139
45 -100
124 26
179 24
137 246
104 98
32 330
21 3
311 6
166 181
44 81
97 59
244 103
349 83
235 -61
206 251
123 -38
112 218
-30 -18
177 112
176 127
-107 128
126 77
170 139
254 74
-16 46
54 16
41 -101
293 130
-10 349
376 -33
-28 171
185 -120
89 156
-60 57
30 178
15 5
284 147
-6 17
165 129
4 85
116 150
-53 116
-43 169
103 207
195 123
52 201
53 6
116 50
154 150
133 8
156 191
247 22
0 -171
226 244
197 31
48 67
-5 49
43 214
113 129
-49 108
25 126
132 148
-15 0
45 255
126 123
332 219
196 146
152 168
158 222
42 279
91 24
154 291
106 206
207 145
87 179
-38 4
-52 129
132 51
106 143
76 110
63 238
66 39
-35 262
46 52
141 91
12 188
150 174
67 123
273 45
76 16
118 204
114 64
305 161
148 230
106 142
15 -97
60 204
205 99
106 33
111 232
-13 16
177 209
165 63
138 209
95 232
82 69
33 -43
97 175
23 -65
-36 147
15 -37
34 95
38 111
56 78
201 -50
146 5
96 -65
44 3
58 -19
-106 63
223 243
46 94
161 140
92 4
53 61
-14 154
-61 -21
23 -72
28 153
95 58
143 189
-3 5
88 -17
164 47
217 130
88 26
91 132
144 292
28 -71
87 74
293 -2
225 94
73 109
239 -3
189 -29
119 -19
27 31
133 68
108 45
130 116
303 215
99 12
142 202
47 239
79 -66
90 105
83 39
128 211
33 90
33 138
102 4
219 110
286 287
235 -13
197 117
272 52
253 80
147 65
-95 237
134 88
-82 187
123 -11
268 -109
115 83
217 -128
106 -8
156 114
73 37
212 2
-26 104
-54 -44
64 108
179 220
130 13
406 147
-44 19
200 125
-30 130
139 236
-104 121
-46 64
333 -116
125 98
54 84
146 131
102 1
219 201
142 71
32 176
282 191
145 269
77 284
130 196
139 112
110 104
72 59
87 172
99 216
210 55
12 -6
3 -16
82 214
-27 70
263 181
249 -42
108 176
91 159
-5 84
53 96
-115 222
270 144
19 135
117 58
-33 66
139 -37
120 125
230 162
99 223
108 200
172 57
85 48
203 96
107 -36
64 31
285 33
47 80
111 108
307 125
8 83
257 122
15 55
61 173
129 169
265 276
198 119
57 91
80 266
-83 117
78 119
201 25
-31 21
76 108
168 102
225 147
-230 50
16 52
28 212
289 -6
264 70
-85 184
22 250
117 85
48 -79
57 177
128 187
-81 -59
73 -136
256 244
-107 88
193 197
31 147
290 61
100 -79
153 13
106 222
158 -139
243 184
241 218
57 -155
132 145
151 45
50 226
102 69
30 182
122 78
361 54
116 69
68 -8
30 151
-11 159
34 92
148 16
173 164
108 265
147 32
66 -53
166 337
-64 -9
27 -53
-42 111
28 163
201 150
109 180
74 162
259 200
1 173
63 -53
-26 159
170 134
46 140
266 124
83 93
164 213
81 59
184 56
89 26
84 61
297 189
25 41
183 304
114 77
-98 102
-66 -14
167 82
241 -39
253 252
26 129
-84 110
-78 -48
135 112
208 70
44 49
141 121
201 87
43 112
236 171
97 121
81 149
236 39
205 31
52 39
133 189
106 118
-35 51
-2 74
274 115
-137 55
-3 94
237 184
256 151
113 69
4 58
128 -8
-1 91
169 123
13 154
-32 203
100 0
52 142
169 -51
74 -10
171 -6
172 120
168 139
-12 22
147 160
114 -44
55 244
10 166
144 252
274 139
250 -10
31 224
-21 11
196 120
217 284
29 99
59 -132
164 130
122 -32
255 124
16 196
181 245
171 267
-36 149
185 18
39 96
74 154
24 236
110 102
60 263
266 135
10 196
67 -64
91 142
233 -45
-3 -36
146 213
231 71
-2 108
140 217
77 231
133 -48
6 -35
-15 -16
131 257
69 93
250 74
154 162
19 164
73 39
-41 42
103 138
158 -88
169 190
-28 189
60 255
-50 31
-52 139
59 41
42 71
166 57
232 21
153 186
8 360
225 86
58 43
100 17
4 31
-155 83
237 84
12 260
201 128
115 78
147 43
-6 49
22 326
96 120
10 136
-19 -8
22 15
358 217
160 181
210 10
195 81
352 -90
87 95
48 50
98 -22
59 67
85 14
83 109
220 53
208 -13
36 129
-83 84
176 17
38 48
114 214
29 119
-153 242
18 272
-131 100
130 192
98 175
131 198
134 135
182 225
99 123
27 52
36 116
129 31
173 141
84 201
168 233
111 216
72 -86
194 232
-114 180
242 48
153 196
68 221
254 227
251 245
64 67
212 235
-92 66
159 13
136 43
333 62
187 5
105 171
144 264
288 140
38 -24
56 234
-109 20
42 4
-121 24
-35 109
13 117
288 0
-10 -54
188 38
67 97
141 218
168 25
-41 232
182 269
314 244
7 -149
243 182
218 82
149 155
234 -10
5 -9
164 259
30 -12
154 18
128 90
-25 90
32 168
40 80
27 111
153 168
152 7
64 217
18 188
-25 102
122 208
178 29
181 -33
160 120
0 148
96 129
190 315
77 118
39 62
38 104
62 152
106 63
226 -58
28 263
99 179
-85 86
28 151
106 140
182 236
138 214
1 141
-151 121
265 43
119 109
124 178
74 -7
97 111
13 206
73 150
76 36
367 118
223 -107
173 216
101 168
0 191
-165 47
-6 265
86 107
115 156
89 385
31 -92
99 99
258 -2
250 34
370 -4
121 -6
146 85
42 -118
50 164
212 24
216 104
101 173
133 106
-53 0
274 97
110 5
195 -122
122 173
239 218
-25 141
40 177
277 -220
48 197
69 120
41 124
77 142
11 8
44 92
125 65
116 85
0 203
79 21
-128 69
349 127
108 136
80 216
41 28
232 44
33 111
-16 -35
169 -74
154 134
128 166
72 234
183 74
205 210
280 94
152 14
152 127
29 250
20 152
56 0
62 75
126 -51
171 126
94 -13
-14 174
181 111
49 119
92 83
134 262
177 -46
234 266
132 -58
161 138
43 76
-8 101
180 169
102 84
117 169
139 78
115 37
87 -51
60 -52
132 69
12 -24
-36 119
-11 158
183 -162
174 -31
-104 71
52 -109
63 -24
201 -40
12 -66
226 -78
165 296
203 180
8 175
88 368
88 127
46 72
49 184
63 18
60 176
-37 36
-70 200
-17 52
180 266
171 -8
0 65
81 -30
205 323
100 224
88 51
155 40
196 163
16 148
178 99
240 168
32 126
10 123
8 -175
76 292
-42 165
50 26
67 218
170 281
152 -63
165 -30
153 38
55 187
198 226
67 159
-24 28
131 176
139 92
224 138
173 -40
221 213
49 65
25 151
139 31
41 396
27 -43
151 42
198 156
137 138
177 238
119 81
-83 144
-79 41
56 111
190 163
18 94
235 52
51 138
52 48
-23 44
60 248
199 17
23 191
318 7
208 206
-16 205
324 17
189 22
-169 75
54 120
21 83
156 210
127 212
142 109
37 6
244 -143
-5 54
246 131
62 111
92 -46
51 163
-61 186
-26 61
226 58
51 72
86 20
210 90
201 -7
89 6
71 -8
208 181
-79 243
115 63
47 74
20 210
82 97
-84 112
112 124
116 167
271 154
43 177
132 180
152 -85
248 64
83 220
139 -25
117 209
-30 198
122 24
-80 253
20 -95
27 186
182 122
7 -111
244 269
13 83
79 152
287 116
195 292
22 -11
22 48
188 164
273 39
-24 205
229 15
-51 4
-70 245
138 63
146 213
20 105
132 -35
74 290
90 57
23 82
-210 13
33 -176
323 45
-8 345
266 102
286 24
182 294
222 117
88 -220
228 -16
-52 241
22 248
125 111
61 134
48 75
-62 -83
-55 141
96 48
4 154
109 142
224 203
85 131
47 268
346 233
23 172
330 97
74 199
183 21
88 67
270 81
52 -10
-57 77
159 92
150 71
266 9
72 -145
-94 133
62 33
30 45
115 268
138 167
216 50
155 17
97 80
7 -47
28 -36
163 173
262 151
141 112
28 62
44 143
80 52
118 172
62 212
30 77
47 189
122 213
-46 125
108 105
-31 125
93 43
21 2
38 272
-202 -6
143 130
287 2
86 109
140 59
111 105
249 19
-32 114
-100 -49
182 -21
158 99
91 212
56 103
155 175
91 128
223 -21
216 168
242 10
132 142
24 123
177 41
28 14
162 292
-27 -111
204 -8
76 32
125 64
12 37
175 75
140 -119
100 181
72 73
91 -27
105 122
-7 35
140 -6
120 169
97 107
231 -65
89 25
169 119
19 132
56 -43
149 126
20 -38
122 132
121 184
30 -42
71 94
120 212
161 -6
240 98
26 202
75 -33
160 49
106 270
-18 155
48 24
106 85
261 65
20 41
31 -124
135 66
327 -19
36 126
85 171
29 303
-12 65
245 169
210 -26
111 271
202 77
-121 -8
277 -202
166 98
235 205
-74 18
-20 65
46 134
60 84
179 228
53 -124
240 158
212 262
186 193
294 243
116 42
65 57
308 127
73 111
46 -20
32 211
316 92
-37 144
-108 60
41 29
161 112
68 104
365 61
-5 8
94 97
83 17
18 118
112 9
156 91
108 -39
-40 95
186 -29
21 330
108 230
71 217
64 -57
121 230
36 73
83 272
-68 50
61 197
63 44
38 14
182 -40
106 113
-34 124
193 141
96 180
111 16
58 -34
191 -30
227 242
152 157
-192 -77
-10 92
116 -45
125 39
-14 115
203 225
200 188
-26 121
90 182
196 -126
-4 198
15 -64
163 170
205 45
75 42
-136 225
24 41
139 99
-150 111
-75 55
183 113
65 15
-39 61
19 0
102 153
45 35
138 44
93 96
100 143
173 -15
-34 216
4 243
98 136
85 112
170 57
72 157
133 121
30 205
135 -57
182 123
92 207
-22 106
-32 16
170 76
-17 213
9 269
117 63
70 117
101 160
158 -40
250 127
23 117
-10 93
17 51
257 98
359 306
57 44
69 57
51 226
191 140
42 77
180 99
72 78
21 291
188 48
129 221
52 131
135 184
150 72
85 99
172 -95
46 -81
88 -5
308 123
144 198
166 41
17 -29
191 206
102 75
104 45
71 221
190 116
146 -13
158 281
122 159
119 -29
257 138
-79 17
-18 -2
109 111
76 224
-97 45
274 91
42 118
3 103
251 200
103 0
114 19
200 50
213 34
127 161
105 179
144 245
152 199
228 179
26 146
262 104
103 64
132 74
168 172
-12 128
-1 207
85 27
37 97
183 88
50 -110
42 -41
176 134
44 44
81 181
61 140
-37 103
35 90
266 75
100 -17
164 44
0 200
41 -35
238 -49
81 -75
107 63
123 114
181 -16
118 183
140 -14
174 70
166 161
158 -38
189 136
131 47
69 41
31 -5
79 103
62 19
294 221
72 86
92 224
73 212
261 -23
177 107
66 -50
308 30
-4 19
195 55
128 71
-64 162
138 0
159 28
47 89
34 27
256 63
52 43
51 149
-31 45
131 166
55 41
4 124
112 45
69 75
72 -23
-14 79
291 175
102 214
-62 139
180 95
23 127
95 0
115 -18
51 28
195 192
75 -4
152 269
106 76
104 162
247 193
131 45
238 266
209 8
240 -11
45 119
124 95
188 -44
-82 98
41 -25
299 156
196 -2
13 244
2 -8
173 152
123 178
273 -9
25 161
131 110
19 -110
139 152
249 -36
88 97
140 14
125 42
32 55
41 230
-7 20
-64 -8
141 328
64 136
127 199
75 142
176 -97
243 131
164 203
207 25
241 149
196 10
156 -31
-43 291
99 231
21 172
51 -2
110 142
129 -6
177 139
296 -24
52 85
-82 -12
159 51
222 188
265 70
-96 151
126 32
95 97
225 257
138 46
65 112
181 198
108 186
-89 0
107 367
178 162
237 187
22 165
72 105
49 -85
37 57
190 99
-79 113
-8 222
128 33
-111 120
58 31
76 119
140 105
235 15
104 4
-82 181
-16 189
112 59
98 102
123 14
103 185
90 231
317 -17
-191 151
101 120
20 260
21 29
144 408
102 167
119 121
-44 46
-77 53
55 36
-42 270
93 95
149 48
41 78
68 35
251 39
13 108
248 197
77 85
67 144
46 16
301 116
335 23
100 240
115 91
143 130
56 -1
-84 129
-91 197
-35 58
184 -59
213 -82
79 118
75 86
205 149
140 38
18 208
91 128
104 300
217 116
124 218
21 59
-37 100
66 270
75 14
10 117
139 35
146 36
190 99
35 125
1 -113
27 378
114 75
150 74
49 187
32 -62
149 179
83 -127
69 112
157 164
0 162
170 -13
-37 81
236 83
74 153
161 -3
39 188
143 -55
-77 -16
64 198
199 157
-12 241
218 32
129 34
126 28
77 131
23 144
165 15
257 184
267 78
-70 160
41 35
18 -40
30 93
154 16
188 54
150 -32
285 65
43 275
296 281
61 135
60 -17
47 13
-5 184
104 69
83 33
7 151
-53 98
225 22
268 213
45 211
122 239
161 265
77 214
63 51
48 230
39 36
148 116
279 -41
190 97
36 165
-76 17
79 96
308 58
63 -63
138 112
24 27
13 160
175 195
37 -29
-62 260
149 170
140 127
189 -73
-18 25
-168 162
-46 131
1 81
105 99
276 114
-103 83
7 374
146 153
5 89
120 241
73 195
160 65
126 179
244 -13
375 157
152 -114
-265 244
133 133
37 -37
14 217
43 89
188 42
-7 323
16 83
235 240
78 -121
228 272
94 146
207 99
135 62
82 133
200 -83
100 191
36 -89
-212 103
-216 92
-12 178
168 38
163 183
206 -50
94 107
244 70
148 54
285 59
10 108
169 193
67 189
116 -17
-1 124
118 16
159 98
241 146
72 55
198 74
145 240
189 104
-75 133
106 295
21 -94
193 156
56 277
214 180
54 204
76 235
-12 186
76 97
131 7
12 75
16 165
64 261
202 227
-18 182
192 105
192 165
-43 70
-107 80
108 27
73 191
-175 305
96 81
53 206
-60 123
100 72
6 196
135 55
65 112
25 79
-37 225
172 24
122 317
-68 -44
171 72
124 89
44 16
-8 -11
88 57
19 6
101 156
38 -44
141 162
358 202
187 -152
92 108
139 34
91 111
24 69
82 208
-6 -44
251 72
236 87
71 10
100 197
128 117
106 249
-6 78
112 126
71 259
-35 76
18 47
-57 57
-78 147
231 46
181 187
52 -54
174 65
165 240
5 109
157 188
115 100
126 199
85 57
132 56
66 227
241 87
-35 68
192 73
253 237
111 134
64 257
301 38
64 197
164 166
171 83
79 57
246 -99
20 -32
148 116
230 66
-15 212
68 66
129 185
243 -42
-46 107
-33 211
140 166
12 -127
127 80
123 231
119 -3
30 94
239 -48
279 141
21 21
22 131
78 46
13 -29
-48 267
-183 -25
193 143
-36 73
-91 43
-67 80
158 45
162 180
-57 -144
69 -41
-1 107
-177 -3
165 40
93 134
187 272
103 181
17 140
219 90
108 -69
308 153
-46 156
107 24
111 253
69 206
95 82
79 104
42 81
-7 81
108 89
76 -77
192 242
58 -10
232 149
353 157
137 -30
-163 22
139 53
-19 296
26 167
37 122
105 285
18 172
132 223
233 57
75 -6
-22 145
40 200
46 -22
51 37
-41 -41
101 78
104 49
142 139
81 82
174 -96
158 176
218 146
203 45
67 155
81 17
174 161
19 297
22 -43
88 93
187 76
99 122
199 144
268 105
123 276
94 32
138 13
107 -26
292 26
103 118
175 63
28 108
180 80
38 262
125 110
141 63
185 200
216 -49
251 78
110 53
181 96
-46 117
261 133
189 179
198 59
2 -2
-20 190
-17 -10
119 150
147 36
-1 155
162 237
154 80
104 -142
147 59
261 120
179 -146
60 115
91 170
-50 -75
118 9
199 -77
133 121
47 78
92 182
14 132
247 87
122 178
73 -63
202 60
-6 105
115 -38
135 90
-203 138
53 -38
38 162
84 168
184 -8
95 156
32 101
170 153
292 118
130 68
180 71
173 170
189 103
45 -23
126 268
-25 66
-94 84
85 95
258 0
125 -23
32 74
-4 124
28 86
35 33
-145 127
-38 -8
-3 51
220 10
43 154
78 118
69 24
-95 -7
193 237
74 8
34 132
41 215
93 -47
186 125
227 189
96 126
29 110
9 83
81 314
151 89
-140 68
265 119
32 113
241 203
233 130
119 -14
84 55
206 176
131 142
-32 261
18 136
123 87
106 -160
173 214
64 -84
4 135
172 40
9 -59
61 102
63 106
39 72
77 160
175 123
-1 14
196 185
89 172
111 169
13 144
102 -20
-16 -67
125 32
189 109
296 -4
436 282
76 132
177 189
81 133
95 41
-75 105
48 -16
21 17
-2 195
148 73
79 104
191 5
283 172
230 91
16 158
169 54
203 224
96 124
93 129
123 -35
-152 176
215 -169
63 -14
268 -91
257 100
100 220
248 143
95 99
149 303
84 128
120 -103
-15 234
314 17
58 152
-38 148
-42 -34
-59 265
57 134
72 67
-28 144
27 43
133 311
76 100
77 127
170 61
238 215
186 65
142 126
265 50
137 217
121 -2
136 158
144 45
-99 95
274 84
114 97
-29 0
66 134
11 358
33 206
-129 -75
264 38
123 52
18 -66
182 4
66 120
57 187
25 17
10 96
84 176
96 -71
144 143
117 101
25 174
153 16
187 72
141 273
6 84
122 170
240 401
-34 242
-24 49
118 221
131 115
234 180
159 200
140 165
186 -48
99 241
172 35
68 189
174 -61
202 43
-20 174
22 293
87 -91
54 186
-103 287
-14 123
191 83
-175 194
59 113
89 171
-34 132
144 -32
111 80
268 195
88 290
-64 -100
42 64
174 174
104 39
59 22
99 96
305 -24
182 19
331 178
150 157
-114 119
28 16
110 78
-37 -1
95 -34
150 51
48 145
167 250
175 30
57 62
246 -12
-23 169
46 -77
61 95
212 182
79 150
-14 -81
225 -8
-192 115
35 1
48 218
8 166
172 -1
157 -8
-28 16
65 151
139 -10
59 28
140 79
103 125
51 195
106 -4
-115 255
197 217
-115 178
38 209
217 5
-103 155
240 99
200 79
215 -36
103 263
139 163
147 22
-16 -85
105 21
207 203
271 271
163 58
141 238
-101 0
123 74
91 -136
140 95
79 79
169 145
173 83
114 229
-6 51
-94 244
110 177
21 -180
23 26
-61 -121
164 22
135 212
-128 42
164 93
147 240
6 85
24 170
198 73
147 218
25 -108
154 107
150 182
228 273
12 18
38 241
153 193
88 164
128 165
158 3
-29 -14
58 55
-42 -90
264 105
-115 100
128 285
126 203
144 239
73 -18
181 113
177 -66
186 211
168 70
135 -78
136 55
80 -188
85 15
79 127
51 67
-68 24
-37 3
186 -90
106 133
-26 -5
137 170
84 40
42 149
24 224
122 84
109 256
20 -7
45 -141
134 -28
-110 84
90 146
53 50
102 167
305 43
47 125
112 53
215 -12
-6 80
294 114
31 218
0 279
274 178
66 89
-19 88
14 103
224 244
223 14
85 8
54 240
-52 186
253 138
123 220
88 125
263 -19
77 158
219 309
58 87
80 55
252 -21
247 108
42 235
187 34
159 103
238 184
284 112
31 217
164 122
97 51
129 58
32 231
-107 183
-95 -8
9 77
145 170
55 158
-24 187
219 -57
83 -5
130 123
63 50
81 309
172 90
213 324
110 133
-44 218
-23 75
-48 50
76 169
-52 57
83 42
61 -6
-9 248
49 327
-58 112
110 110
-6 96
39 -5
248 14
158 36
82 333
185 106
-60 -44
18 -109
-103 101
169 35
145 177
267 -17
209 82
95 210
125 -48
69 114
187 179
154 175
172 108
193 -67
145 243
89 207
213 21
310 189
72 109
-56 141
69 -7
74 248
-16 233
-19 89
-239 106
359 95
139 16
19 -164
170 140
42 231
5 341
277 179
-35 -75
146 405
92 233
225 67
86 104
108 232
-66 28
-104 37
203 3
0 55
145 230
-63 -17
126 197
93 56
-27 170
-35 212
156 130
-52 -67
49 63
17 -5
18 -5
151 60
205 110
-8 1
7 13
140 118
5 99
56 98
126 -66
53 188
34 -10
187 9
-79 -78
243 29
-35 -53
184 152
-79 150
23 -15
214 159
180 174
106 141
174 236
147 252
170 148
-64 -7
104 41
183 368
-18 69
239 119
149 74
184 12
-112 161
-27 97
-6 105
172 108
-68 189
85 101
114 40
44 -73
92 3
5 83
-74 20
-21 -94
126 -113
184 161
3 222
121 318
51 115
-12 82
160 192
201 106
91 246
97 143
159 90
-9 135
107 -33
-48 13
75 -97
115 204
126 131
64 261
227 45
207 -35
108 79
-45 66
270 2
63 178
151 239
-25 28
89 124
81 9
123 33
-32 37
-41 81
-121 63
-136 159
3 39
106 138
175 1
205 163
74 142
188 -28
212 -9
15 171
305 85
173 131
225 -10
135 179
80 84
32 101
112 -14
142 31
222 276
224 253
76 99
100 36
-175 124
59 104
206 88
151 110
174 158
173 118
197 0
182 102
182 63
237 33
174 40
22 -18
224 58
124 96
181 28
-73 -21
36 204
146 129
42 194
115 136
-45 -42
14 -24
119 250
79 33
158 1
133 99
302 102
140 221
25 28
236 84
119 143
-11 98
282 149
152 -93
6 -105
22 118
-4 -40
170 252
254 44
-6 -7
237 64
-127 21
253 58
168 91
68 -22
-222 195
-8 251
233 105
-3 60
44 -117
-35 97
-21 33
135 113
136 146
47 -62
54 161
79 262
94 172
312 328
-43 252
139 250
83 227
213 156
175 12
105 81
26 -9
84 112
-65 28
158 242
28 142
20 45
68 84
80 80
63 137
150 19
0 177
86 110
43 -22
100 -114
12 155
245 127
60 53
86 81
8 93
64 151
-73 -14
87 -117
-14 -16
179 286
21 130
-41 1
108 40
-53 80
303 -82
89 186
150 -15
41 93
177 107
111 224
268 78
-98 122
154 242
42 189
60 90
-10 72
142 309
36 389
214 35
302 51
-75 150
267 108
335 -3
136 130
272 104
1 99
-26 151
43 66
42 97
-44 -231
201 196
-193 85
145 83
17 176
-26 -35
-30 172
206 249
228 253
72 167
126 14
19 140
155 -144
30 230
111 75
54 111
227 -33
104 62
-48 59
115 17
84 -7
-134 -24
-5 84
144 38
90 -70
76 -31
132 76
167 38
233 166
-39 236
61 159
-16 131
241 200
-18 -38
208 204
60 141
171 227
145 186
147 131
325 122
191 -24
149 205
204 270
273 195
189 134
219 245
0 -54
136 28
321 33
104 110
48 -13
97 140
89 79
45 51
30 2
114 120
-4 78
229 -89
124 182
51 -118
308 28
83 15
-7 82
141 113
230 119
53 121
210 144
25 123
347 -5
241 204
198 135
28 10
-53 91
-17 -69
95 98
216 35
46 23
150 -48
87 111
105 18
36 219
186 67
112 102
-112 179
49 289
3 244
181 251
166 42
-11 252
109 97
134 194
178 183
119 26
211 45
151 128
99 6
108 92
44 -26
26 124
123 114
147 34
189 90
32 125
152 -19
173 60
67 28
-17 180
-46 95
75 261
143 -24
-23 88
15 118
70 -46
92 234
68 231
97 152
144 -46
166 56
222 157
-83 54
14 213
230 242
148 160
-42 129
45 241
174 158
14 108
-29 74
170 13
25 231
174 240
180 -153
57 164
99 24
25 97
186 140
76 90
215 64
93 140
-115 -2
92 164
-14 194
148 246
15 179
117 -41
108 121
88 185
17 159
-23 -20
213 114
-114 108
40 42
-59 131
188 170
1 41
224 185
84 -41
2 79
10 22
-7 232
-124 309
-66 114
54 -64
140 141
200 43
164 193
183 44
137 131
-26 208
3 72
110 -64
180 12
261 76
254 126
122 128
-39 108
281 115
15 77
106 -92
69 98
120 112
85 165
158 122
220 92
-157 102
70 55
11 120
-75 -79
73 123
63 315
201 340
-41 22
-22 24
249 170
270 311
127 110
178 209
140 177
180 60
127 269
20 262
95 95
40 -54
134 201
88 -188
288 84
213 202
54 32
90 -30
156 104
137 274
121 25
247 17
99 100
128 124
106 74
86 201
-43 -46
7 257
-3 -177
71 98
10 145
207 91
6 135
-85 282
-6 150
31 191
52 47
102 80
308 131
282 156
138 159
38 58
210 118
161 -21
25 308
-104 104
149 158
29 194
184 331
96 31
108 74
80 192
3 132
54 134
17 -89
323 212
162 140
69 14
-10 66
-74 65
110 50
34 103
185 218
-84 82
91 105
102 145
-44 117
259 164
108 228
32 50
122 89
-57 97
-5 178
138 119
73 71
180 153
91 228
21 198
-41 95
61 -5
122 155
199 116
178 50
13 222
77 72
56 4
176 -63
-18 93
-9 74
245 130
120 248
-79 29
47 130
-67 56
58 -46
179 98
29 187
11 88
107 66
141 -153
91 97
-140 116
118 133
86 75
23 84
158 8
23 -107
132 167
206 142
240 -30
62 239
75 78
65 155
235 175
145 1
207 134
161 155
66 152
61 42
42 73
197 81
208 19
218 -12
-16 82
142 68
34 116
2 278
171 -30
-5 57
-29 16
-66 95
337 21
243 311
-36 30
58 79
85 93
337 172
176 63
165 310
70 138
200 250
-3 2
40 176
159 -30
-75 247
207 182
213 167
72 110
-25 -35
113 85
4 91
77 15
-12 242
108 189
162 181
-45 -77
191 32
-51 107
105 -53
75 -27
123 174
111 -45
260 201
24 68
135 104
21 -37
-29 16
47 255
-67 144
200 203
26 -48
164 75
62 13
87 124
81 -111
-30 254
105 -1
-1 238
137 303
151 135
19 148
170 254
188 140
139 97
103 102
100 116
-4 -37
168 159
-56 224
103 -64
148 41
81 182
150 48
201 224
7 -41
-3 285
74 -35
158 224
121 227
137 70
151 64
131 225
5 159
124 171
156 142
103 90
381 76
55 117
82 59
80 158
42 -38
100 74
306 171
7 166
158 61
290 20
85 -10
103 77
-14 140
-81 4
-8 56
201 363
-78 -79
109 141
-62 38
144 252
70 53
112 316
202 25
-139 106
-97 113
-18 223
169 142
49 147
89 -28
187 187
97 216
-71 152
321 41
155 64
-15 -91
147 126
-8 193
115 290
43 177
89 185
207 77
78 -46
163 171
216 43
193 40
39 -29
141 104
-4 50
76 64
120 152
154 -192
-65 147
87 -41
152 110
289 -64
108 -22
175 35
-39 252
95 228
8 -5
260 -19
-35 48
216 23
211 139
134 179
178 268
42 171
123 46
68 136
92 264
173 199
77 164
260 184
386 138
211 17
288 167
-88 207
17 272
22 17
263 104
194 221
250 248
28 97
80 90
32 88
159 28
-62 156
99 108
223 123
72 288
53 51
49 170
216 263
156 103
212 170
188 46
97 155
52 -108
44 360
194 153
-36 -31
146 172
187 110
244 120
58 108
121 179
183 53
162 56
147 141
166 10
103 322
169 10
168 16
235 267
105 94
243 176
185 276
75 87
263 42
15 141
168 -28
204 120
113 5
103 -78
113 84
271 340
33 218
231 -37
126 77
119 293
63 159
302 -52
327 19
42 -42
254 -2
104 263
6 69
164 363
285 138
27 113
104 99
145 103
189 -11
126 -25
125 37
166 141
42 167
149 70
125 15
125 90
107 7
155 101
13 -51
19 -21
190 -12
81 384
229 23
127 -60
40 -8
28 219
209 206
210 106
-22 121
90 -64
130 -2
-2 203
301 23
219 218
27 294
-164 -32
3 29
171 100
134 48
-30 27
51 235
46 117
96 -116
196 102
172 161
60 96
155 217
60 149
56 23
144 -1
132 108
96 105
13 -78
177 176
-4 30
98 348
117 85
113 44
121 155
56 73
82 89
266 131
27 237
81 188
182 16
-68 27
-29 186
90 178
214 102
150 181
271 39
164 75
62 146
-83 133
-38 72
82 126
82 -46
-45 35
119 144
-142 -76
-47 -80
236 -8
-58 112
86 -70
18 -61
-4 -4
-10 115
111 139
26 118
109 207
210 36
54 66
212 223
84 120
0 -12
121 38
190 -86
173 232
261 68
105 27
164 67
-125 105
200 80
247 144
69 -106
-2 267
176 195
155 97
14 -67
15 102
118 221
167 10
129 -28
174 95
87 195
42 69
-87 108
82 116
92 191
-74 6
3 -22
94 91
172 288
-43 309
128 246
-13 7
35 95
347 89
68 239
224 113
-9 -51
132 79
159 21
51 142
74 19
1 235
-1 31
127 164
-14 54
283 78
103 22
56 416
154 61
132 194
180 11
188 51
56 138
-28 104
-6 99
-80 120
169 344
263 114
63 67
71 72
95 229
138 109
6 139
128 191
-18 107
130 202
259 114
-71 153
125 -15
65 111
103 39
97 301
-55 17
116 157
46 -8
65 132
75 110
41 127
143 105
163 144
151 28
101 27
115 69
61 23
-40 -20
60 81
-31 114
28 -55
23 41
-41 87
232 112
225 81
182 29
47 214
106 320
37 6
116 87
120 103
135 119
36 86
226 165
67 213
87 -133
161 17
130 145
-53 165
298 18
210 41
136 198
107 248
186 261
37 390
-21 42
-59 160
132 -57
45 102
0 21
-41 94
266 -44
80 -24
-25 236
78 133
202 203
211 106
292 80
39 59
26 119
308 203
129 120
267 148
15 104
128 153
-12 229
393 225
55 144
171 136
202 118
54 42
-15 58
-20 59
109 -54
99 -84
112 -112
73 -5
190 27
10 45
213 197
44 64
-113 144
251 105
226 -35
-21 188
-111 -73
119 68
46 147
-35 -19
240 80
65 234
-3 22
20 -3
99 249
103 85
185 -31
85 96
88 171
155 60
114 133
36 200
245 145
-66 -126
130 18
-42 157
142 -85
53 76
64 -5
178 -50
84 -11
155 243
59 215
-37 125
-10 259
114 45
161 -43
124 112
105 11
210 208
203 152
84 -31
186 53
114 75
31 58
268 146
231 111
-75 110
64 -24
235 58
110 -9
154 -73
-25 -57
129 102
220 74
32 257
-14 -3
-28 12
305 108
330 -170
38 34
80 74
202 26
222 81
-42 51
192 -53
27 152
93 85
264 58
201 272
25 154
283 -78
230 12
64 226
170 51
96 104
-9 177
207 103
146 94
-30 157
256 10
73 11
104 -17
196 35
-22 -23
162 -56
-103 174
-35 163
267 77
100 -6
68 55
95 166
81 149
-8 186
115 59
24 157
141 145
39 75
98 8
70 102
190 -26
-108 81
152 146
196 152
185 143
67 91
177 135
130 -8
-32 -19
110 -79
176 62
-2 -102
103 40
44 74
100 164
-24 223
100 -39
44 196
168 163
19 10
0 188
124 95
8 95
188 202
294 24
169 130
52 199
99 97
-92 178
60 32
103 204
13 87
65 357
78 185
80 19
64 81
127 119
147 115
-81 116
198 128
97 121
119 65
116 107
280 256
40 69
178 65
9 87
223 161
107 309
-16 -53
118 243
-46 205
-43 148
219 16
130 359
50 12
145 169
-16 55
186 19
-15 165
26 373
-57 -9
-67 72
25 83
-2 182
90 -279
50 126
143 99
262 135
230 79
106 80
121 286
33 72
164 303
89 87
95 -10
36 250
232 -83
174 5
161 136
117 46
174 56
130 212
68 78
80 278
32 332
145 -14
187 129
169 246
-55 76
-119 60
-166 144
-16 -31
223 65
108 226
13 91
119 -72
327 195
112 55
-52 30
110 30
-147 71
134 -100
63 -33
39 85
134 318
72 40
291 102
265 70
25 86
9 65
-12 -58
119 7
117 139
30 188
78 -14
391 109
78 195
192 100
192 155
-52 193
67 50
-74 -100
48 91
178 35
184 -9
272 -80
25 99
-121 142
69 -22
118 91
183 -73
165 126
94 145
0 81
19 103
146 73
205 -48
253 33
69 -10
60 84
97 0
170 194
20 154
273 115
263 73
83 175
170 110
57 158
79 -16
185 202
-21 81
95 76
64 134
116 -185
31 26
3 26
1 146
144 99
102 37
135 86
96 33
33 125
-70 110
124 160
90 -73
53 21
193 -163
-60 207
213 81
12 20
128 96
59 38
179 -18
156 31
259 245
276 222
227 74
-111 -16
147 211
82 177
175 -10
11 146
271 52
174 60
30 138
98 120
162 180
66 214
104 39
151 73
55 163
180 59
54 93
66 145
183 33
92 -24
142 149
192 94
72 156
217 284
-121 12
81 37
211 135
72 266
65 157
-71 62
286 154
75 78
189 146
197 118
63 29
82 208
95 -80
-47 86
267 88
213 53
320 -16
247 122
249 181
126 46
-24 -35
40 150
218 333
167 250
78 61
240 -18
30 18
198 112
28 57
-38 6
113 187
89 35
-5 200
138 179
0 176
112 38
255 89
29 224
13 181
30 5
-79 129
78 105
77 124
172 157
258 144
42 189
53 174
110 134
11 171
-39 0
200 97
123 -49
111 223
0 89
-19 127
85 114
148 59
237 162
68 106
235 93
95 150
323 107
157 144
132 205
-1 0
3 71
172 161
179 -57
21 -1
162 75
83 231
125 17
125 88
129 227
372 199
24 237
-6 147
191 -36
-21 205
-103 39
-19 56
22 127
325 125
-28 -85
279 159
18 40
71 152
141 74
154 183
78 333
-104 193
308 158
-52 25
160 66
287 212
203 167
105 149
87 0
38 161
155 -50
45 158
269 124
391 -26
215 190
139 170
195 -34
111 194
75 94
166 32
109 166
140 147
-12 154
47 62
-65 160
87 119
57 166
294 182
-67 130
142 -2
208 -20
87 114
150 93
-145 143
134 206
44 61
-29 284
92 -14
50 145
-11 23
241 170
181 -89
173 68
77 224
39 333
66 203
38 193
85 115
101 -70
91 109
111 77
111 101
123 -61
172 -40
18 128
70 96
-66 -12
131 10
298 110
-29 239
17 45
-107 59
140 101
206 102
53 158
111 51
105 -209
173 191
-78 149
15 125
108 122
172 108
88 93
306 -84
-71 -29
111 -49
100 76
59 -18
175 182
144 161
63 127
166 92
327 -108
219 83
-6 -32
-94 79
77 -25
145 27
46 121
205 121
-73 49
18 156
136 -39
102 32
114 82
96 239
70 22
21 133
122 94
103 141
222 178
185 127
28 109
138 110
189 16
11 188
33 91
52 148
172 110
-9 -67
144 154
9 247
72 88
62 6
175 92
122 134
286 124
74 34
27 228
135 29
-137 69
63 61
22 23
109 68
247 5
61 284
142 184
160 -28
117 80
85 215
141 46
-90 48
-35 258
-61 -130
132 78
175 180
0 -48
62 178
165 96
-60 27
-69 -70
120 127
13 202
232 173
-67 26
173 308
152 107
94 153
161 121
38 -26
177 197
108 110
-16 85
123 15
-51 31
182 -63
234 216
25 -94
90 399
113 162
78 136
-55 123
-42 -135
-112 154
123 -88
91 78
12 142
138 102
68 -49
162 -4
146 -48
3 40
164 70
4 -58
-80 130
110 27
90 62
186 136
107 86
127 125
183 82
149 145
186 362
85 -22
185 45
57 -19
-48 222
-106 -16
22 15
160 -35
213 132
11 109
33 -91
31 -72
33 268
147 152
121 -20
403 30
15 417
-54 -36
241 93
209 144
147 161
120 87
-6 206
106 238
-13 42
151 108
39 52
139 -101
138 114
-55 67
128 157
-4 162
-18 258
17 -15
81 -21
177 104
214 122
65 278
101 71
-45 242
126 -28
-122 139
45 135
106 16
206 219
151 81
134 34
298 93
146 165
33 278
64 -4
-7 110
44 239
156 81
31 80
223 -30
287 73
306 61
203 144
66 186
132 184
220 136
129 280
44 92
118 74
76 -4
90 69
70 144
83 109
-76 280
79 38
94 221
-51 144
29 179
68 75
85 105
88 207
242 96
205 344
100 86
214 75
289 -11
77 35
225 -43
209 128
146 -56
183 220
-114 -4
61 -97
200 -64
113 202
37 -26
198 72
-69 222
177 82
144 148
149 119
116 158
17 130
-19 -25
164 59
168 -80
130 9
-18 170
79 -42
91 76
93 117
-77 -30
3 84
-41 42
191 104
25 -68
195 59
197 176
-94 -45
21 35
165 119
176 8
110 58
76 -32
127 307
138 121
68 62
182 138
209 229
157 246
119 215
127 -40
130 65
21 -30
25 59
190 184
137 109
149 142
29 155
117 21
44 -19
147 137
98 317
120 235
-20 36
79 94
298 119
150 85
179 174
197 154
185 19
-133 198
120 197
143 80
147 83
274 314
304 -147
209 -41
12 -60
-5 101
80 -16
-70 169
161 -68
165 186
125 -109
101 79
221 -22
165 14
60 -145
56 89
100 141
70 237
184 34
74 134
37 125
76 117
-35 145
197 185
84 313
148 184
181 143
193 45
189 353
42 37
60 172
51 -35
135 23
127 237
132 86
114 -77
5 133
-172 74
86 184
179 47
0 85
65 188
110 26
-26 215
248 247
209 211
144 97
97 73
-1 20
169 145
124 110
-13 7
122 -29
49 286
123 227
-51 213
92 94
57 2
96 275
164 76
241 47
268 31
186 78
349 72
-117 73
48 59
-45 98
94 45
173 248
-42 263
176 122
110 29
34 54
92 303
172 317
72 -7
291 52
-54 146
64 -54
6 211
35 93
98 91
183 222
107 122
46 -50
159 -51
53 125
107 170
-24 -117
159 82
169 90
142 -43
263 302
230 281
-7 112
179 46
353 161
99 -78
86 218
63 45
99 126
157 134
286 -2
157 221
35 41
168 202
178 200
20 -70
184 211
-97 159
262 -84
-104 69
83 208
266 67
328 233
14 225
56 258
273 217
49 56
57 -47
38 242
94 118
101 97
194 114
7 97
61 74
54 15
118 57
122 -23
169 -14
40 -225
199 172
-93 -27
-1 138
222 137
-17 138
306 262
198 -81
140 122
214 213
-19 -148
92 136
120 95
130 376
11 10
48 8
112 111
114 303
87 105
62 95
29 155
126 -24
205 80
-18 91
175 85
10 243
153 163
50 215
39 191
129 218
17 277
111 87
85 17
-97 18
123 348
302 241
-58 -70
78 47
200 -211
-35 76
67 91
193 210
14 -2
172 124
101 138
46 -26
60 158
-4 266
230 153
156 182
184 207
71 248
192 243
-31 63
-136 232
-51 151
6 -11
73 -160
144 103
39 -78
97 129
72 157
82 159
134 22
96 109
-33 100
49 146
-42 80
48 356
-6 80
140 156
172 26
132 -39
-74 153
-3 216
-2 21
148 47
28 106
207 41
190 28
39 206
6 268
86 169
77 29
199 -13
153 288
168 43
94 -92
37 26
27 73
187 128
193 57
155 -100
135 -4
-75 142
109 -113
330 145
14 -47
155 29
117 334
19 5
59 83
87 10
73 190
156 17
86 101
119 -84
-30 344
164 289
-66 135
72 239
365 241
20 148
109 26
130 39
6 38
103 100
164 233
201 33
62 84
240 364
38 124
218 71
37 69
137 67
70 -12
-39 3
127 -114
159 148
111 135
-25 98
-60 165
248 31
22 269
255 -63
75 95
131 59
-80 239
96 145
209 -59
-28 101
178 304
100 182
125 -121
160 332
55 103
21 225
234 24
112 14
29 324
262 148
59 285
-83 133
299 -69
22 56
0 65
214 -19
-41 168
164 7
70 190
150 158
13 -66
119 81
17 -64
72 43
300 221
280 141
110 143
124 240
124 86
25 140
109 123
155 122
81 12
-44 153
2 148
8 225
-175 273
176 182
-90 61
102 218
99 68
140 99
125 372
180 335
-58 375
79 58
376 31
85 0
275 -127
6 -111
141 -56
49 79
11 -39
25 34
393 140
220 198
334 51
53 113
0 203
215 220
142 158
311 -59
122 89
57 251
81 90
6 264
165 -22
126 75
148 129
-155 -54
-9 386
62 42
138 -5
24 96
-24 156
99 110
291 216
211 20
-36 -41
26 172
129 154
168 150
114 9
204 -80
146 119
42 98
83 38
217 14
147 -99
12 -78
92 43
119 23
226 250
-90 21
-51 163
307 113
-1 -29
148 -106
38 24
26 46
28 3
287 192
19 188
-43 -13
21 258
242 39
-16 239
89 192
193 93
62 113
-4 41
277 -91
62 -20
126 340
59 69
45 146
9 -74
93 -111
118 108
55 114
20 13
-47 -193
33 -83
92 156
46 139
95 80
52 238
108 16
125 35
211 182
289 -58
161 82
352 185
133 -3
65 -53
88 31
110 -44
47 -2
5 116
214 182
-35 138
79 119
117 180
151 4
0 41
10 169
186 83
302 226
105 115
-33 95
124 -83
147 -71
253 66
154 103
61 106
148 -80
71 182
93 73
226 190
9 112
287 138
-39 133
59 99
84 210
118 101
177 127
192 -50
85 244
147 176
314 28
224 95
-5 41
84 47
52 -114
84 193
311 -38
171 93
-48 93
148 -36
226 223
75 8
38 90
19 160
-17 -109
145 178
219 -172
125 56
-40 50
149 -73
19 150
163 61
49 211
284 -66
7 139
137 118
250 161
25 83
72 123
137 236
147 161
209 167
51 44
264 199
258 83
144 253
134 80
187 86
42 70
54 50
61 141
121 -104
-43 203
290 -18
103 106
88 132
-101 192
97 -53
-55 237
144 280
181 148
-7 122
124 -156
76 132
164 155
154 95
292 -92
112 66
8 172
13 275
2 47
135 176
68 303
-146 251
168 99
129 -29
151 70
147 211
101 295
116 42
-127 238
218 133
135 182
149 2
155 28
175 132
19 139
94 82
122 129
0 -25
-30 109
10 174
89 55
242 8
338 -6
-11 114
123 25
176 109
165 522
33 143
-12 99
189 101
199 137
292 139
180 145
106 100
65 135
187 150
140 33
149 109
152 -207
121 117
110 0
90 0
169 238
12 151
99 34
223 179
-27 84
63 -44
236 409
-39 34
81 -64
30 82
282 28
-4 263
133 -38
87 309
187 80
98 107
56 16
-36 71
72 135
52 -208
43 50
12 99
2 143
125 146
106 92
-26 130
76 169
-28 52
209 -59
138 3
54 102
18 26
-86 57
92 -42
168 43
134 137
-3 139
170 219
191 78
190 180
318 37
258 -179
69 30
110 141
-12 167
129 153
-13 261
-9 219
11 208
283 231
30 38
57 249
66 79
183 213
124 134
348 223
138 66
89 124
115 84
143 138
-97 30
157 47
214 214
72 217
62 33
39 -9
56 -62
-19 48
246 4
-29 441
300 40
71 59
130 163
143 65
257 -245
170 43
244 11
147 140
92 309
283 307
227 130
107 48
-53 -66
134 126
156 141
195 -70
125 237
60 104
262 14
-39 244
210 -33
187 249
60 -65
109 -13
91 153
311 55
333 186
273 -93
193 239
271 69
81 89
293 -119
54 150
201 128
118 247
161 30
199 82
81 -14
74 195
268 -4
-91 -48
221 8
138 109
172 261
35 80
148 52
35 55
29 0
90 142
263 257
98 69
-22 231
65 90
118 67
72 219
-39 45
65 47
133 -58
80 -45
70 121
260 -86
164 74
33 183
48 148
86 80
-36 -84
145 -13
85 5
63 140
173 312
19 95
179 144
-5 69
-48 65
-1 151
-41 148
16 144
205 185
96 5
-23 -24
43 176
-27 84
313 10
179 -54
156 45
-14 200
-19 87
141 105
-42 240
-69 249
36 105
133 -7
9 67
149 45
208 49
-12 189
177 285
44 -13
67 137
152 196
273 125
223 212
-7 135
192 138
216 151
214 78
17 63
24 134
-18 93
113 123
200 100
206 228
140 154
-28 115
50 229
100 144
-227 186
69 113
165 1
264 100
131 -124
-104 82
152 105
17 118
163 0
31 220
5 182
86 237
81 300
87 85
23 168
30 86
-5 -20
20 -29
171 94
-67 209
98 111
103 100
359 230
60 149
101 35
97 104
161 153
137 42
168 181
65 107
31 154
-18 140
77 -6
-34 88
-39 163
304 19
206 -39
207 11
-41 171
170 150
239 -51
-64 174
-9 247
-46 91
94 66
41 152
97 48
44 148
-7 294
202 317
104 110
239 59
121 55
123 110
274 38
344 7
141 292
144 76
7 -1
60 -2
182 87
13 -10
139 264
169 14
91 77
147 45
117 100
89 -3
167 219
332 94
95 63
189 231
321 165
157 -51
218 138
-29 111
22 131
7 299
127 1
110 202
-58 96
172 176
-24 -61
109 121
220 246
227 113
2 115
-92 177
232 11
37 190
-57 104
124 243
56 147
32 180
38 110
166 209
253 40
88 231
433 118
-118 77
27 51
129 161
355 261
-45 309
142 294
-63 -100
344 197
189 139
173 206
111 219
167 111
78 171
124 163
121 33
103 125
177 39
-173 147
24 121
138 138
171 89
27 -97
-53 91
-38 43
172 -161
140 39
148 195
7 213
187 94
207 -9
128 126
-29 44
111 95
209 170
37 164
191 242
228 373
106 165
49 248
258 53
91 109
-36 127
114 162
-12 -171
-100 0
-54 -13
182 34
161 197
75 121
347 61
13 -65
249 187
225 -53
243 33
147 89
78 173
25 188
85 109
322 130
133 11
-5 222
109 32
108 11
207 181
191 150
222 117
62 182
-46 226
90 346
90 227
163 351
99 36
80 399
105 122
-56 63
37 -51
-15 92
196 0
100 170
69 54
72 135
159 109
115 72
-33 41
101 107
-7 249
301 -9
169 -5
184 1
-151 140
81 80
311 3
14 -15
90 92
93 50
121 13
230 158
24 171
54 224
248 329
95 1
124 152
-31 183
-55 96
126 326
163 69
160 188
-85 69
145 0
201 110
121 141
127 66
-14 18
-37 120
381 141
-29 67
-33 20
-112 9
226 80
65 293
207 2
-11 157
168 101
173 81
155 -70
-32 57
-101 -25
230 256
53 -21
-47 163
36 20
201 92
127 367
-40 304
-131 -26
78 108
250 67
234 193
112 64
-63 28
-6 154
192 108
288 18
128 139
-29 93
228 49
33 61
24 148
163 40
113 200
46 219
374 93
51 40
252 224
-17 137
223 -39
228 30
86 167
107 160
-23 35
-9 294
82 -139
78 -59
64 17
125 48
208 125
137 70
229 19
140 272
77 -28
125 123
87 308
-56 201
207 144
70 109
26 217
87 150
73 165
78 95
235 112
-22 229
163 121
132 188
97 295
85 -12
266 87
20 154
134 176
101 222
-8 32
75 252
180 230
194 145
115 94
7 155
-54 180
-69 124
80 61
269 -105
25 -93
12 -100
-34 264
-26 313
110 27
-131 -75
40 154
110 90
195 29
373 172
-53 54
304 157
131 35
149 221
121 186
244 167
-64 129
-15 119
57 249
-32 185
1 -29
-5 72
113 41
232 33
18 142
266 156
66 -73
129 -39
156 231
-17 32
131 30
135 101
46 113
114 31
120 297
307 118
134 131
76 73
84 39
235 -74
170 101
-76 229
40 87
169 -10
114 103
1 187
143 27
107 132
111 235
0 81
237 105
-38 77
123 150
90 132
101 137
158 111
138 134
79 -18
-25 150
102 258
126 230
118 65
162 151
125 108
177 66
218 56
20 28
128 55
187 26
112 205
57 -132
102 128
78 -25
90 -16
144 190
-87 5
39 54
232 181
23 104
123 37
207 -46
113 208
24 141
119 90
138 208
200 134
160 -9
-16 52
-97 247
74 90
351 27
278 54
108 138
71 141
178 181
136 128
294 87
301 -115
-65 73
62 296
254 123
189 0
-18 99
118 136
65 64
-79 277
20 378
269 94
65 13
65 139
20 86
14 179
49 165
140 21
145 252
76 135
110 143
49 128
28 162
159 346
162 137
78 172
50 145
84 39
221 -59
161 139
31 50
-112 -99
-112 -6
81 44
-54 -93
78 220
106 61
137 136
259 -72
-6 62
201 -44
105 -38
-18 117
-1 167
25 94
102 16
368 173
160 163
-93 201
77 43
131 -23
49 65
89 278
48 128
23 -76
173 -59
90 66
180 0
213 68
4 -43
-37 93
-2 222
48 73
-216 145
-104 87
212 78
121 129
92 31
127 99
31 29
-72 17
186 -96
-10 -40
-55 -1
166 151
-143 18
31 45
-87 246
126 210
232 256
158 159
139 88
213 80
131 55
158 284
11 15
151 15
129 135
96 99
123 141
-76 178
150 77
-3 137
219 205
121 15
119 211
-9 131
56 102
96 138
-30 141
95 96
220 90
7 95
206 148
264 -55
-8 273
145 93
47 23
161 87
23 204
106 331
197 113
-61 3
269 86
40 283
-36 31
145 103
97 130
122 139
96 134
134 244
144 -1
-18 88
-59 28
149 7
105 190
130 196
24 77
172 183
6 83
95 40
190 68
193 214
113 166
97 -9
53 166
229 266
301 206
304 -119
-54 -9
103 250
108 129
117 4
142 65
157 37
72 147
254 70
195 129
94 95
1 95
154 2
194 58
29 64
139 21
-40 -85
143 76
162 220
37 -106
-14 145
77 115
265 -2
94 21
189 123
128 20
19 92
184 59
125 217
37 -4
150 -51
60 71
329 -21
8 130
104 121
117 293
255 9
-60 196
117 120
86 197
122 100
-4 -45
51 104
91 82
28 160
198 80
-128 66
-63 336
201 150
259 175
62 136
-10 133
96 152
0 244
22 246
-33 53
-8 180
-32 206
91 -51
93 232
43 208
257 241
-19 240
87 186
64 135
66 148
90 8
182 239
233 53
74 194
-112 64
58 238
163 178
280 50
105 173
10 -51
-186 92
172 204
-4 58
207 205
148 -20
13 159
196 74
51 219
48 6
-91 66
-38 57
166 121
196 148
256 99
132 194
7 41
94 127
75 89
175 289
137 32
126 -41
181 -60
124 143
35 116
101 41
186 -126
126 -190
45 174
46 157
57 -67
209 -100
29 126
19 131
155 -75
80 227
58 261
205 261
15 -70
41 185
-8 -50
68 -32
194 139
249 232
137 183
161 -19
124 -52
201 86
87 38
109 193
174 141
40 282
134 164
94 100
290 203
237 227
-111 161
36 253
91 -31
149 243
301 191
183 70
130 221
123 118
-76 -3
-271 151
278 101
74 277
15 272
176 28
-5 94
35 -65
133 -54
352 88
-164 148
69 117
187 37
16 157
94 184
234 67
135 150
210 -114
87 189
131 24
48 264
-26 109
80 -57
19 41
8 30
151 214
219 3
101 74
151 178
-177 90
-36 167
114 0
174 106
164 119
31 98
38 222
68 179
20 209
283 91
12 199
18 187
55 76
44 111
243 -1
139 -42
128 52
279 25
139 -25
81 325
193 -17
274 -94
45 256
18 129
144 118
45 260
46 -30
198 112
-1 -102
178 162
41 117
184 93
260 72
40 110
28 267
0 35
-17 -19
208 194
-71 -13
-148 98
77 118
41 -28
-106 188
145 68
238 129
231 215
46 117
300 239
127 82
112 71
-76 186
98 103
-81 38
117 197
173 301
205 67
291 195
-69 -83
116 23
103 -85
-78 0
-109 226
14 0
143 374
-26 174
72 146
212 160
139 113
106 146
97 361
113 68
40 25
36 -46
97 156
124 272
28 180
67 222
209 -49
84 426
29 58
96 237
138 -32
172 49
192 202
-17 135
219 158
126 315
279 78
171 320
34 203
155 175
157 273
194 221
100 172
81 175
126 -140
156 139
181 117
47 -2
21 89
194 191
136 -32
6 -52
11 255
53 -53
69 162
-48 157
105 112
131 112
-22 169
-151 126
136 197
71 300
121 87
-48 21
86 46
127 218
60 103
111 96
-67 -42
180 61
-34 83
208 97
128 98
204 197
28 124
7 169
218 -38
-35 118
151 118
336 173
140 178
112 60
115 126
248 55
259 26
143 38
199 410
136 -15
107 -107
263 -21
196 102
19 172
111 48
6 49
102 60
87 102
56 59
-57 -118
100 210
215 175
6 117
132 148
127 -34
153 -5
205 62
216 157
148 246
-16 115
-57 242
201 121
9 192
106 114
135 147
249 99
200 -41
209 -70
44 6
92 50
-95 -63
99 25
116 118
63 -64
266 -65
65 -66
173 47
205 136
42 -10
134 205
149 113
178 58
175 82
262 82
92 69
7 177
117 -43
22 80
229 56
0 130
103 244
232 90
99 156
38 -36
180 231
213 -53
120 302
10 185
182 133
13 -28
179 145
61 29
157 143
81 39
54 95
181 116
97 143
163 75
81 -46
18 229
75 49
81 102
116 185
206 146
19 165
80 167
37 27
140 55
55 258
11 157
187 23
232 125
82 178
114 34
-44 -24
177 57
-15 181
148 -72
188 22
51 160
2 92
7 105
85 79
160 -122
-122 89
93 86
226 100
140 215
231 41
43 156
240 75
42 87
-10 2
188 54
81 118
105 137
-15 211
87 14
165 -84
173 145
-27 33
144 23
31 -39
101 -38
291 143
117 86
25 130
116 -1
250 -57
103 141
-86 14
172 274
130 152
193 -7
319 146
72 139
168 120
63 259
101 94
303 187
-18 160
238 -49
138 -29
202 78
244 222
159 40
-15 58
153 199
128 106
26 76
156 68
106 194
56 222
23 -47
205 282
20 87
-52 75
75 -1
21 174
184 57
-49 53
107 184
215 -105
-1 105
87 -70
51 139
164 21
48 265
210 200
83 163
71 11
106 179
10 1
158 10
83 -17
-87 131
24 182
-77 187
103 128
-109 241
49 93
133 204
11 -145
17 192
55 316
220 3
103 5
227 46
152 -190
244 194
98 -8
43 -46
15 -7
154 67
315 23
73 -91
7 50
0 326
113 147
253 108
72 -4
255 192
419 121
157 148
96 30
175 129
32 -9
-67 76
242 8
143 94
160 -13
63 77
-24 66
85 212
85 82
3 24
181 -70
-39 74
168 271
49 -29
120 123
112 188
249 -6
193 93
107 132
204 -61
229 99
106 139
107 112
81 -96
176 145
20 132
171 -19
-31 -36
134 13
170 42
111 84
171 240
-16 187
113 101
58 169
-73 293
138 15
91 261
101 253
172 77
198 83
404 31
292 101
91 -60
156 -68
56 275
-30 156
101 -74
-104 118
170 261
81 66
128 -1
67 -2
135 220
106 63
-7 -49
91 109
0 219
32 194
25 129
119 79
111 -17
89 253
-12 186
128 175
103 314
53 -86
11 55
90 -73
41 80
181 122
136 -38
70 152
184 -26
144 -79
-22 -64
-10 -62
101 -42
-68 153
81 55
-44 96
96 282
91 79
35 82
152 141
-162 268
-33 -43
80 144
-123 -121
75 55
70 -8
241 179
-23 -15
113 -11
45 5
244 153
183 -16
170 308
-13 -77
187 247
156 103
278 210
71 93
-41 190
282 113
27 68
237 -59
47 211
42 5
246 110
-43 -13
43 171
71 63
98 -31
58 65
315 23
297 34
-24 151
222 198
-9 -136
-20 89
185 207
149 117
94 179
24 199
35 132
47 97
194 -6
92 34
-208 45
14 195
-194 319
148 25
30 228
247 55
137 154
290 197
76 127
-84 9
62 155
241 109
-3 318
137 174
81 162
130 298
143 26
6 89
208 -73
90 -60
103 131
177 73
116 137
140 0
165 75
206 8
81 197
192 288
69 27
229 107
44 11
166 243
208 141
162 6
274 118
52 203
198 301
159 81
113 -89
264 -33
-72 175
20 132
223 182
30 -43
50 170
-63 38
13 103
145 24
24 -42
-84 466
199 65
-20 49
-3 179
76 139
149 -126
55 91
-52 94
121 91
-62 232
198 81
-62 212
31 190
47 -4
69 -33
146 117
197 142
141 51
43 96
125 36
84 -76
-74 99
209 138
40 97
234 185
-47 87
65 47
-68 358
-9 228
29 63
-152 66
209 75
51 35
116 248
-89 113
-39 -111
103 207
44 54
53 -16
85 321
206 -25
344 308
111 244
-19 9
147 113
72 41
-39 178
73 93
161 44
118 213
95 183
-46 63
54 98
293 238
183 -141
63 288
-48 4
158 283
288 123
188 210
-51 201
199 161
113 -37
203 101
108 43
35 274
0 219
16 187
45 10
94 -22
-119 231
-60 192
237 224
148 57
114 248
221 149
127 115
0 159
90 115
55 93
-158 158
0 67
145 -12
87 46
131 127
157 172
97 14
10 187
-10 172
11 109
-19 217
31 53
19 126
81 5
193 47
132 312
95 38
185 14
328 199
-9 -30
67 -4
304 195
139 94
23 166
84 104
261 331
200 -97
194 29
91 210
280 43
153 132
227 123
162 172
207 157
124 24
199 -1
55 202
144 -44
86 11
141 45
26 27
120 211
157 125
139 180
75 168
86 191
149 127
25 201
111 82
96 89
320 48
52 89
-20 218
58 14
-61 206
316 78
55 56
149 -42
127 153
187 -41
139 130
-22 59
77 9
186 54
115 99
219 131
-171 154
124 7
-6 121
5 79
65 66
69 52
281 73
185 213
1 225
-8 276
137 105
81 86
201 -7
98 168
8 -12
66 260
67 93
-50 25
19 279
20 204
143 17
-28 180
324 72
31 277
211 10
-59 101
25 258
-26 115
48 88
137 247
64 89
119 69
254 182
95 102
64 97
51 7
108 293
174 -19
-80 257
148 159
174 -76
-24 193
206 120
6 177
275 244
188 78
163 92
89 305
86 173
97 188
100 216
64 61
-42 44
240 67
105 -89
-112 59
139 148
116 228
169 159
288 273
210 253
44 216
123 205
100 -7
-10 -155
80 28
229 216
112 -147
171 237
34 1
14 79
216 247
338 98
74 144
123 86
-51 97
60 287
71 73
11 39
170 81
186 43
-107 3
0 53
-8 39
-52 135
99 80
148 127
48 129
183 32
78 10
86 87
102 211
133 -10
105 135
35 6
29 263
97 152
95 55
162 261
-37 31
122 85
154 152
65 274
52 119
138 153
2 222
193 112
275 15
44 217
206 20
-68 181
56 3
-39 170
-32 47
-30 -44
-12 85
206 28
32 202
29 317
138 127
348 -131
159 15
317 280
-2 254
5 141
224 35
162 81
153 300
-6 42
60 163
-51 131
160 9
251 130
123 48
-37 81
-40 187
93 156
170 107
120 22
-3 140
118 262
43 154
128 37
156 158
187 311
94 236
121 184
1 264
130 -45
228 -144
109 202
112 335
204 242
45 127
133 70
24 153
90 295
39 105
140 234
144 9
103 47
129 143
137 70
-173 -1
130 97
197 201
160 -17
126 65
221 19
133 45
60 190
96 224
25 281
344 186
218 266
102 308
281 17
83 56
342 229
-69 238
13 -41
78 66
15 117
208 134
6 64
63 42
177 106
84 91
-76 8
130 127
315 72
133 68
116 -103
-9 112
-18 79
36 64
228 262
45 -48
88 174
154 -13
-48 207
135 41
115 155
237 179
-41 88
-83 178
-51 187
-109 195
163 -18
13 -6
52 107
42 -47
5 143
-11 -69
59 30
-11 -39
95 30
103 183
13 134
95 47
122 8
36 103
130 57
203 77
-32 90
72 -51
176 276
86 254
122 202
82 213
152 176
178 106
176 178
209 201
62 113
-88 11
102 -27
101 118
136 109
75 55
98 38
143 39
39 83
38 125
217 125
147 -31
-53 95
149 200
-37 92
-25 37
121 -13
-74 77
136 92
50 68
191 24
49 104
20 -22
121 58
61 4
199 103
97 179
152 6
-56 49
-13 28
103 324
19 279
152 192
43 235
115 -122
169 166
116 127
54 -7
149 96
187 55
-62 13
105 261
98 122
116 -121
24 112
148 197
94 75
112 34
13 144
90 152
171 -15
17 65
75 -128
-17 121
112 34
185 51
-16 98
317 199
70 9
14 204
76 46
0 -123
57 77
58 69
84 234
49 68
138 198
95 47
151 183
259 83
117 47
22 164
106 57
-6 81
63 119
51 -115
18 273
79 211
218 157
138 77
64 52
7 72
113 -138
40 89
157 158
22 71
149 254
-54 160
146 -9
107 93
14 174
166 116
99 195
155 62
52 27
45 -52
46 265
139 182
52 349
-26 140
17 49
135 163
-59 -17
-128 207
191 159
117 0
-17 82
155 114
78 146
-153 230
88 160
86 142
352 219
113 63
-29 114
95 174
38 277
146 181
139 132
59 -13
237 87
214 -23
142 117
93 43
117 123
12 57
-56 30
183 56
70 234
49 101
179 212
169 107
-155 219
65 143
150 215
143 270
249 241
252 115
257 227
31 11
55 312
174 -5
23 5
74 114
64 189
56 -34
248 205
238 -134
386 63
12 307
261 5
188 121
153 240
126 -94
-87 167
-21 166
71 92
199 81
23 -10
30 193
-45 142
-47 314
126 13
253 205
246 100
-39 76
0 148
137 196
8 -22
378 117
168 -82
335 216
270 42
188 23
57 206
177 60
-103 201
201 -54
4 137
273 19
-4 58
2 139
143 170
100 67
-1 175
215 -27
92 20
279 -24
251 195
-137 18
84 174
233 -40
122 163
89 -14
192 131
73 132
127 -8
135 148
51 -23
33 -68
80 161
156 -38
140 -61
114 152
186 75
82 185
35 160
51 184
-79 95
1 117
267 67
95 68
-107 23
193 193
32 88
165 97
132 171
129 138
-97 0
71 91
132 157
110 288
220 39
174 117
36 40
213 185
66 60
98 116
82 -15
77 -157
125 140
95 75
37 141
276 221
32 104
-26 7
61 203
225 86
230 240
67 111
20 73
52 -168
14 -106
26 76
104 51
77 156
170 170
146 202
-71 50
73 -53
-64 -8
83 77
62 9
140 152
214 97
163 29
-92 265
57 -29
125 64
122 64
43 131
165 108
51 40
193 9
131 30
146 178
-39 154
155 228
154 330
226 123
175 11
130 25
-60 84
125 150
-86 137
97 119
3 144
57 114
224 8
-86 203
170 248
-78 1
72 -45
124 -1
171 -2
191 232
-2 189
40 304
78 30
288 41
189 45
189 180
106 102
117 -50
84 282
167 129
235 72
-49 72
110 -135
-18 60
190 -14
122 12
160 177
152 261
-53 130
115 40
149 174
252 150
224 147
88 106
-63 63
-7 113
158 137
299 145
125 104
14 90
79 85
44 27
192 79
160 52
158 233
99 56
171 234
47 61
24 41
72 -55
181 348
295 77
-69 114
-102 63
374 239
37 206
72 11
97 175
65 134
-52 109
90 93
210 41
231 39
210 -25
79 243
120 45
131 -31
48 191
242 229
69 97
55 96
29 106
164 225
100 63
153 81
39 294
371 28
38 6
140 275
122 94
133 149
114 54
107 253
220 349
115 6
109 93
95 -23
156 180
85 132
109 273
35 -71
88 74
306 188
-92 229
37 4
37 69
2 94
205 182
-33 192
247 91
160 -34
88 95
203 177
220 216
66 116
108 -57
56 -15
-161 4
90 -10
225 141
108 81
12 56
83 41
244 12
123 32
79 -137
158 185
198 1
114 -17
190 198
46 206
113 210
93 208
164 -11
213 48
64 -4
215 49
43 125
220 -17
92 100
-7 156
164 230
69 74
191 36
159 77
12 7
189 237
87 278
84 296
130 82
28 21
55 345
190 295
17 53
109 58
81 208
56 118
-57 178
148 186
8 150
87 -16
267 221
73 4
3 -15
153 0
86 111
42 83
181 86
118 12
-9 80
226 -11
129 89
343 269
168 32
94 164
-59 88
58 219
-23 212
122 168
205 49
169 46
68 14
199 166
153 34
43 -41
-77 271
-20 44
18 91
20 208
57 -20
-47 124
76 100
140 192
155 190
26 187
220 38
-36 69
81 80
223 141
231 81
61 78
193 132
156 65
50 245
190 -26
153 26
9 217
175 85
-24 104
-101 -22
17 -77
55 49
139 172
45 195
171 184
9 -21
233 -82
266 -18
80 115
145 -46
162 68
104 110
17 49
325 28
195 229
161 192
145 96
78 28
98 77
29 194
18 305
11 -88
94 128
57 55
155 184
109 138
131 -89
218 100
89 24
134 51
-126 4
-61 -65
73 137
4 68
-56 62
164 -1
43 25
150 158
52 107
-57 67
14 78
10 -16
19 102
189 112
168 12
254 195
151 -3
18 138
-16 -17
249 144
52 337
155 325
58 159
149 -12
122 -46
89 85
128 221
47 256
-42 65
-72 205
120 159
-18 166
80 117
157 -115
-11 8
158 141
109 68
357 22
-5 174
-151 211
-29 -26
-49 -6
-18 229
97 175
-8 268
48 167
124 42
95 -21
-21 152
58 21
87 -15
135 165
307 210
-67 25
79 -40
130 168
81 201
184 284
180 26
92 205
166 26
99 286
29 177
100 118
41 222
-9 56
122 35
-107 -12
203 16
207 153
49 95
276 226
231 -31
155 163
90 104
111 195
-48 -25
116 54
100 200
148 93
261 117
251 262
39 -130
142 206
99 30
98 88
54 196
47 21
116 183
-15 29
105 213
-25 -52
-91 113
37 -10
275 -96
53 20
55 200
277 28
67 100
136 154
146 14
-3 349
113 151
-153 123
186 230
35 195
-16 207
152 206
90 -13
63 10
2 201
230 69
71 -54
161 199
180 56
182 -1
6 35
354 82
-34 307
253 108
228 114
72 147
99 169
-7 171
52 121
-52 120
124 128
202 28
1 122
103 185
171 19
131 242
217 47
-252 0
56 62
104 248
-32 -112
225 69
51 26
60 209
87 132
246 130
62 93
3 -25
48 163
225 -37
102 144
216 212
37 68
55 155
77 209
108 361
19 64
-18 96
77 111
191 313
10 116
134 45
-77 175
-78 64
-84 263
160 325
153 198
227 109
47 -200
62 41
195 5
81 83
-18 110
81 35
95 165
3 129
106 -53
-63 -26
94 119
12 241
31 137
141 -12
114 57
45 208
48 -140
299 69
80 28
194 39
198 93
63 -29
18 191
85 -41
42 62
124 83
264 69
81 222
122 -39
220 116
154 16
110 150
288 19
43 117
52 169
248 255
48 191
-11 31
185 139
147 84
253 238
242 113
105 269
151 142
-59 218
120 69
151 106
-6 154
50 97
8 173
60 72
188 71
-67 172
141 95
220 31
222 155
109 10
-57 208
38 98
218 70
222 260
111 90
-49 132
86 89
133 -25
30 79
40 125
229 75
110 -20
113 -35
167 120
17 -4
12 160
98 129
64 68
46 39
3 62
86 -10
121 77
96 70
109 154
205 16
-67 147
-1 13
-44 -76
12 132
248 127
24 102
-14 -4
151 51
1 172
0 78
94 206
220 6
236 31
205 158
161 29
250 163
-21 74
252 43
204 206
307 -59
80 150
-12 302
15 40
179 184
44 141
89 190
-7 81
136 -20
235 277
11 281
75 70
172 132
157 -38
48 212
94 134
-55 169
149 292
52 142
79 40
22 237
251 77
56 142
-24 126
78 183
92 114
360 229
-48 211
57 233
214 -10
-58 217
53 75
50 11
143 22
42 101
187 105
218 118
101 0
-20 102
16 152
152 15
78 72
-35 241
162 173
151 211
190 252
66 -9
82 -37
86 300
-5 -136
25 8
77 211
101 2
12 -54
232 200
35 174
71 -54
173 218
58 168
-86 127
80 -5
181 160
147 188
133 6
93 74
111 180
57 -58
140 149
38 93
95 362
255 189
241 57
85 -54
101 35
273 255
110 13
152 -16
80 176
186 280
41 241
82 141
230 -83
50 184
-37 184
0 92
9 150
70 73
-77 27
305 -12
110 218
222 136
-43 151
171 102
-194 253
61 187
139 69
116 13
145 155
134 38
-54 173
54 157
61 218
192 127
196 -47
51 155
22 121
237 112
156 -6
14 160
37 -38
24 71
158 73
143 150
145 192
286 66
-27 137
208 148
62 178
143 32
104 167
395 157
124 89
6 102
53 190
53 35
300 12
18 190
69 150
14 119
124 -86
116 238
61 48
-1 208
23 162
127 5
38 137
55 80
117 110
94 26
-62 17
-164 -27
136 44
178 236
125 108
208 226
146 57
234 -26
93 178
-27 85
46 327
150 104
210 63
256 241
147 -19
252 0
75 163
-103 272
31 169
110 49
206 84
109 173
152 269
-80 138
107 204
-68 125
-105 105
1 -14
154 27
77 80
279 -61
119 144
162 77
196 95
25 112
33 120
2 254
70 178
154 73
346 -231
-16 -29
108 153
213 293
206 -68
-80 15
86 75
86 244
15 251
5 133
146 113
55 242
37 72
109 -4
64 132
287 159
104 144
86 86
-15 -38
-1 -19
202 -2
246 1
107 117
297 317
189 -56
141 72
30 182
57 -25
131 142
47 -44
185 -56
229 75
319 -4
20 180
53 10
36 -34
35 116
248 37
-103 102
151 254
138 112
157 224
122 176
171 32
105 18
151 164
116 154
136 16
17 100
-107 9
-26 0
147 73
119 25
49 82
65 84
227 155
-81 26
97 31
233 119
53 136
119 -43
140 117
18 128
211 297
98 10
-173 129
218 200
370 -20
-84 83
188 79
281 164
173 46
57 57
190 145
53 36
-53 -58
-48 62
88 133
41 287
167 123
251 69
129 55
-61 123
165 137
24 56
-15 304
135 202
115 199
74 68
156 44
176 116
72 15
49 69
9 262
59 273
123 153
113 185
155 207
13 79
158 -44
58 101
128 50
50 15
38 10
73 -3
42 77
132 343
-8 78
-1 72
48 161
-69 148
104 90
130 61
227 -13
201 124
220 125
35 49
134 -73
68 168
128 86
178 225
119 150
31 44
95 163
219 71
140 64
62 19
211 1
86 159
323 218
129 49
70 -32
147 140
62 -3
53 176
83 196
133 156
-40 -13
142 92
-142 108
115 72
79 87
74 -4
150 185
242 50
109 134
209 360
99 -21
94 84
195 -43
174 257
98 150
-71 14
74 78
-37 135
40 123
95 149
146 254
-30 91
61 89
66 55
125 187
-112 27
214 -12
2 0
114 2
232 157
-115 238
167 178
230 72
-4 187
97 231
144 -3
51 136
56 156
179 128
85 82
233 181
70 33
97 91
-23 14
76 31
0 239
84 223
158 139
138 268
199 102
79 104
7 31
-11 16
171 219
94 129
114 205
137 346
201 -53
333 -53
-30 168
149 293
225 80
46 64
133 84
78 -43
84 143
-19 203
268 -38
108 67
230 79
146 49
66 -1
-57 154
-46 186
52 6
101 238
48 169
188 55
178 59
34 201
0 -54
80 95
188 164
29 -3
-189 96
-36 169
154 117
73 96
14 171
225 227
63 -67
61 124
-31 205
202 37
-34 60
139 269
105 270
196 214
88 62
64 162
214 254
-130 197
124 123
105 261
126 157
